        0.005 , 0.1453 , 0.0183 , 0.9290
        0.010 , 0.0000 , 0.0000 , 0.0314
        0.015 , 1.4545 , 0.1889 , 5.2425
        0.020 , 0.2185 , 0.0275 , 1.1835
        0.025 , 0.0000 , -0.0003 , 0.0302
        0.030 , 0.6388 , 0.0815 , 1.0303
        0.035 , 0.0000 , 0.0000 , 0.0317
        0.040 , 0.0000 , 0.0000 , 0.0433
        0.045 , 0.0000 , 0.0000 , 0.0476
        0.050 , 0.2930 , 0.0388 , 1.7408
        0.055 , 0.0729 , 0.0092 , 0.4697
        0.060 , -0.0003 , -0.0003 , 0.0311
        0.065 , 1.0926 , 0.1453 , 3.0564
        0.070 , 0.3662 , 0.0485 , 2.2163
        0.075 , 0.0000 , 0.0000 , 0.0299
        0.080 , 0.6467 , 0.0851 , 1.0614
        0.085 , 0.1459 , 0.0195 , 0.8975
        0.090 , 0.0000 , 0.0000 , 0.0433
        0.095 , 0.0000 , 0.0000 , 0.0479
        0.100 , 0.0000 , 0.0000 , 0.0299
        0.105 , 0.0000 , 0.0000 , 0.0540
        0.110 , 0.0000 , 0.0000 , 0.0320
        0.115 , 0.4324 , 0.0580 , 0.7849
        0.120 , 0.2939 , 0.0394 , 1.8372
        0.125 , -0.0003 , -0.0003 , 0.0296
        0.130 , 0.4303 , 0.0562 , 0.5231
        0.135 , 0.6534 , 0.0882 , 3.6857
        0.140 , 0.0000 , -0.0003 , 0.0430
        0.145 , 0.0000 , 0.0000 , 0.0482
        0.150 , 0.0000 , 0.0000 , 0.0296
        0.155 , 0.0000 , 0.0000 , 0.0540
        0.160 , 0.0000 , 0.0000 , 0.0323
        0.165 , 0.0000 , 0.0000 , 0.0430
        0.170 , 0.2216 , 0.0296 , 1.2607
        0.175 , 0.0000 , -0.0003 , 0.0293
        0.180 , -0.0003 , -0.0003 , 0.0537
        0.185 , 1.1802 , 0.1596 , 6.5593
        0.190 , 0.0000 , 0.0000 , 0.0427
        0.195 , 0.0000 , -0.0003 , 0.0482
        0.200 , 0.5902 , 0.0803 , 3.4675
        0.205 , 0.0000 , 0.0000 , 0.0537
        0.210 , 0.0000 , 0.0000 , 0.0323
        0.215 , 0.0000 , 0.0000 , 0.0427
        0.220 , 0.2228 , 0.0299 , 1.0364
        0.225 , 0.0000 , 0.0000 , 0.0293
        0.230 , 0.0000 , -0.0003 , 0.0534
        0.235 , 1.2574 , 0.1706 , 6.8535
        0.240 , -0.0003 , -0.0003 , 0.0424
        0.245 , 0.0000 , 0.0000 , 0.0485
        0.250 , 1.2409 , 0.1733 , 7.2344
        0.255 , -0.0003 , -0.0003 , 0.0534
        0.260 , 0.0000 , 0.0000 , 0.0327
        0.265 , 0.4370 , 0.0616 , 2.6081
        0.270 , 0.2246 , 0.0293 , 0.9354
        0.275 , 0.0000 , -0.0003 , 0.0293
        0.280 , -0.0003 , -0.0003 , 0.0531
        0.285 , 1.1814 , 0.1633 , 6.7083
        0.290 , 0.0000 , 0.0000 , 0.0421
        0.295 , 0.0000 , 0.0000 , 0.0488
        0.300 , 1.4777 , 0.2063 , 8.4671
        0.305 , -0.0003 , -0.0003 , 0.0534
        0.310 , 0.0000 , 0.0000 , 0.0327
        0.315 , 1.0337 , 0.1447 , 5.9804
        0.320 , 0.0000 , -0.0003 , 0.0491
        0.325 , 0.0000 , 0.0000 , 0.0293
        0.330 , 0.2216 , 0.0311 , 1.3358
        0.335 , 0.6662 , 0.0934 , 3.7944
        0.340 , -0.0003 , -0.0003 , 0.0415
        0.345 , 0.0003 , 0.0000 , 0.0491
        0.350 , 1.4823 , 0.2100 , 8.4161
        0.355 , 0.0629 , 0.0085 , 0.4816
        0.360 , 0.0000 , -0.0003 , 0.0330
        0.365 , 1.4792 , 0.2103 , 6.0244
        0.370 , 0.0000 , 0.0000 , 0.0491
        0.375 , 0.0000 , 0.0000 , 0.0290
        0.380 , 0.7245 , 0.1016 , 1.2745
        0.385 , 0.0745 , 0.0095 , 0.1968
        0.390 , 0.0000 , 0.0000 , 0.0418
        0.395 , 0.0000 , 0.0000 , 0.0494
        0.400 , 0.8173 , 0.1181 , 4.6590
        0.405 , 0.2292 , 0.0302 , 0.9455
        0.410 , 0.0000 , -0.0003 , 0.0330
        0.415 , 1.4805 , 0.2142 , 5.7668
        0.420 , 0.2219 , 0.0311 , 1.1109
        0.425 , 0.0000 , 0.0000 , 0.0287
        0.430 , 0.6577 , 0.0949 , 1.2925
        0.435 , 0.0000 , -0.0003 , 0.0333
        0.440 , 0.0000 , 0.0000 , 0.0412
        0.445 , 0.0000 , -0.0003 , 0.0494
        0.450 , 0.2225 , 0.0323 , 1.2906
        0.455 , 0.0000 , 0.0000 , 0.0546
        0.460 , 0.0000 , 0.0000 , 0.0336
        0.465 , 1.0337 , 0.1511 , 3.4330
        0.470 , 0.3671 , 0.0528 , 2.1650
        0.475 , 0.0003 , 0.0000 , 0.0287
        0.480 , 0.7266 , 0.1032 , 1.3636
        0.485 , 0.2188 , 0.0308 , 1.3092
        0.490 , 0.0000 , 0.0000 , 0.0415
        0.495 , 0.0000 , 0.0000 , 0.0497
        0.500 , 0.0000 , 0.0000 , 0.0287
        0.505 , 0.0000 , 0.0000 , 0.0531
        0.510 , 0.0000 , 0.0000 , 0.0336
        0.515 , 0.3650 , 0.0516 , 0.7605
        0.520 , 0.3000 , 0.0406 , 1.4035
        0.525 , -0.0003 , -0.0003 , 0.0287
        0.530 , 0.5039 , 0.0678 , 0.6781
        0.535 , 0.5429 , 0.0681 , 3.2215
        0.540 , 0.0000 , -0.0003 , 0.0409
        0.545 , 0.0000 , 0.0000 , 0.0497
        0.550 , 0.0000 , 0.0000 , 0.0287
        0.555 , 0.0000 , 0.0000 , 0.0528
        0.560 , -0.0003 , -0.0003 , 0.0339
        0.565 , 0.0000 , 0.0000 , 0.0406
        0.570 , 0.0739 , 0.0098 , 0.4776
        0.575 , 0.0000 , 0.0000 , 0.0284
        0.580 , 0.0000 , -0.0003 , 0.0540
        0.585 , 1.1017 , 0.1477 , 6.1547
        0.590 , -0.0003 , -0.0003 , 0.0406
        0.595 , 0.0000 , 0.0000 , 0.0501
        0.600 , 0.6623 , 0.0885 , 3.8801
        0.605 , 0.0000 , -0.0003 , 0.0525
        0.610 , 0.0000 , -0.0003 , 0.0339
        0.615 , 0.0000 , 0.0000 , 0.0406
        0.620 , 0.0732 , 0.0092 , 0.3412
        0.625 , 0.0000 , 0.0000 , 0.0284
        0.630 , 0.0000 , 0.0000 , 0.0528
        0.635 , 1.1054 , 0.1447 , 6.0152
        0.640 , 0.0000 , -0.0003 , 0.0400
        0.645 , 0.0000 , 0.0000 , 0.0504
        0.650 , 1.2506 , 0.1654 , 7.2576
        0.655 , 0.0000 , 0.0000 , 0.0522
        0.660 , -0.0003 , 0.0000 , 0.0342
        0.665 , 0.4880 , 0.0684 , 2.9246
        0.670 , 0.0739 , 0.0089 , 0.2612
        0.675 , 0.0000 , 0.0000 , 0.0284
        0.680 , 0.0000 , -0.0003 , 0.0525
        0.685 , 1.0306 , 0.1361 , 5.9178
        0.690 , 0.0000 , -0.0003 , 0.0403
        0.695 , 0.0000 , 0.0000 , 0.0507
        0.700 , 1.4728 , 0.1962 , 8.4518
        0.705 , 0.0000 , -0.0003 , 0.0519
        0.710 , -0.0003 , -0.0003 , 0.0348
        0.715 , 1.1026 , 0.1477 , 6.3991
        0.720 , 0.0000 , 0.0000 , 0.0507
        0.725 , 0.0006 , 0.0003 , 0.0284
        0.730 , 0.2933 , 0.0394 , 1.7606
        0.735 , 0.5887 , 0.0790 , 3.3769
        0.740 , 0.0000 , -0.0003 , 0.0397
        0.745 , 0.0000 , -0.0003 , 0.0507
        0.750 , 1.3971 , 0.1895 , 7.9937
        0.755 , 0.0168 , -0.0037 , 0.1718
        0.760 , -0.0003 , -0.0006 , 0.0345
        0.765 , 1.4686 , 0.2002 , 6.5822
        0.770 , 0.0000 , 0.0000 , 0.0507
        0.775 , 0.0000 , -0.0003 , 0.0281
        0.780 , 0.9345 , 0.1263 , 2.1543
        0.785 , 0.0000 , 0.0000 , 0.0348
        0.790 , 0.0000 , 0.0000 , 0.0397
        0.795 , -0.0003 , -0.0003 , 0.0504
        0.800 , 0.8124 , 0.1108 , 4.3437
        0.805 , 0.2176 , 0.0296 , 1.2934
        0.810 , 0.0000 , 0.0000 , 0.0351
        0.815 , 1.4707 , 0.2042 , 6.3140
        0.820 , 0.2197 , 0.0302 , 1.3236
        0.825 , -0.0003 , -0.0003 , 0.0281
        0.830 , 0.8707 , 0.1190 , 1.7258
        0.835 , 0.0000 , -0.0003 , 0.0354
        0.840 , 0.0000 , 0.0000 , 0.0397
        0.845 , -0.0003 , -0.0006 , 0.0537
        0.850 , 0.1471 , 0.0201 , 0.8716
        0.855 , 0.0000 , 0.0000 , 0.0519
        0.860 , 0.0000 , 0.0000 , 0.0360
        0.865 , 0.9565 , 0.1349 , 3.4715
        0.870 , 0.3302 , 0.0375 , 2.0365
        0.875 , 0.0000 , 0.0000 , 0.0281
        0.880 , 0.8695 , 0.1196 , 1.8113
        0.885 , 0.2634 , 0.0302 , 1.6178
        0.890 , 0.0000 , 0.0000 , 0.0394
        0.895 , 0.0000 , 0.0000 , 0.0574
        0.900 , 0.0000 , 0.0000 , 0.0284
        0.905 , 0.0003 , 0.0000 , 0.0519
        0.910 , 0.0000 , 0.0000 , 0.0357
        0.915 , 0.3854 , 0.0665 , 0.7306
        0.920 , 0.1468 , 0.0198 , 0.9641
        0.925 , 0.0000 , -0.0003 , 0.0281
        0.930 , 0.5026 , 0.0671 , 0.8600
        0.935 , 0.5145 , 0.0696 , 2.9951
        0.940 , 0.0000 , 0.0000 , 0.0391
        0.945 , 0.0000 , 0.0000 , 0.0537
        0.950 , 0.0729 , 0.0095 , 0.4596
        0.955 , 0.0000 , 0.0000 , 0.0516
        0.960 , 0.0000 , 0.0000 , 0.0363
        0.965 , 0.0000 , 0.0000 , 0.0388
        0.970 , 0.0000 , -0.0003 , 0.0516
        0.975 , 0.0000 , -0.0003 , 0.0278
        0.980 , -0.0003 , -0.0003 , 0.0946
        0.985 , 0.9534 , 0.1251 , 5.5162
        0.990 , -0.0003 , -0.0003 , 0.0391
        0.995 , 0.0000 , 0.0000 , 0.0516
        1.000 , 0.7291 , 0.0958 , 4.3165
        1.005 , 0.0000 , -0.0003 , 0.0516
        1.010 , 0.0000 , 0.0000 , 0.0363
        1.015 , -0.0003 , -0.0003 , 0.0385
        1.020 , 0.0000 , 0.0000 , 0.0516
        1.025 , 0.0000 , 0.0000 , 0.0278
        1.030 , 0.0000 , 0.0000 , 0.0519
        1.035 , 0.9522 , 0.1199 , 5.2910
        1.040 , 0.0000 , 0.0000 , 0.0388
        1.045 , 0.0000 , 0.0000 , 0.0513
        1.050 , 1.3175 , 0.1669 , 7.7242
        1.055 , 0.0000 , 0.0000 , 0.0513
        1.060 , 0.0000 , 0.0000 , 0.0366
        1.065 , 0.5118 , 0.0644 , 3.0522
        1.070 , 0.0000 , 0.0000 , 0.0519
        1.075 , 0.0000 , 0.0000 , 0.0278
        1.080 , 0.0000 , 0.0000 , 0.0513
        1.085 , 0.9522 , 0.1181 , 5.1573
        1.090 , -0.0003 , -0.0003 , 0.0381
        1.095 , 0.0000 , 0.0000 , 0.0516
        1.100 , 1.4615 , 0.1843 , 8.5144
        1.105 , 0.0000 , 0.0000 , 0.0513
        1.110 , 0.0000 , 0.0000 , 0.0366
        1.115 , 1.1652 , 0.1480 , 6.8731
        1.120 , 0.0000 , -0.0003 , 0.0519
        1.125 , -0.0003 , -0.0003 , 0.0275
        1.130 , 0.3626 , 0.0461 , 2.1989
        1.135 , 0.5115 , 0.0647 , 3.0027
        1.140 , 0.0000 , 0.0000 , 0.0381
        1.145 , 0.0000 , 0.0000 , 0.0522
        1.150 , 1.3160 , 0.1669 , 7.6409
        1.155 , 0.0000 , 0.0000 , 0.0513
        1.160 , 0.0000 , 0.0000 , 0.0372
        1.165 , 1.4609 , 0.1865 , 7.1911
        1.170 , 0.0000 , 0.0000 , 0.0522
        1.175 , 0.0000 , 0.0000 , 0.0275
        1.180 , 0.9766 , 0.1190 , 2.7900
        1.185 , 0.0000 , 0.0003 , 0.0375
        1.190 , 0.0000 , 0.0000 , 0.0378
        1.195 , -0.0003 , -0.0003 , 0.1074
        1.200 , 0.7309 , 0.0940 , 4.2592
        1.205 , 0.2051 , 0.0247 , 1.3028
        1.210 , 0.0000 , 0.0000 , 0.0372
        1.215 , 1.4591 , 0.1892 , 7.0367
        1.220 , 0.2136 , 0.0269 , 1.3337
        1.225 , 0.0000 , 0.0000 , 0.0275
        1.230 , 1.0074 , 0.1273 , 2.3472
        1.235 , 0.0000 , 0.0000 , 0.0378
        1.240 , 0.0000 , -0.0003 , 0.0375
        1.245 , 0.0665 , 0.0079 , 0.1285
        1.250 , 0.1541 , 0.0177 , 0.5014
        1.255 , 0.0000 , 0.0000 , 0.0504
        1.260 , 0.0000 , 0.0000 , 0.0372
        1.265 , 0.8744 , 0.1129 , 3.7474
        1.270 , 0.2905 , 0.0363 , 1.7844
        1.275 , 0.0000 , 0.0000 , 0.0278
        1.280 , 0.9363 , 0.1181 , 2.3307
        1.285 , 0.2905 , 0.0363 , 1.7588
        1.290 , 0.0000 , 0.0000 , 0.0372
        1.295 , 0.0003 , 0.0000 , 0.1068
        1.300 , 0.0000 , 0.0000 , 0.0275
        1.305 , 0.0000 , 0.0000 , 0.0510
        1.310 , 0.0000 , -0.0003 , 0.0375
        1.315 , 0.2890 , 0.0360 , 0.9818
        1.320 , 0.0723 , 0.0085 , 0.5551
        1.325 , -0.0003 , -0.0003 , 0.0272
        1.330 , 0.6400 , 0.0778 , 1.1298
        1.335 , 0.4343 , 0.0537 , 2.6084
        1.340 , 0.0000 , 0.0000 , 0.0369
        1.345 , 0.0687 , 0.0076 , 0.1367
        1.350 , 0.1434 , 0.0174 , 0.8979
        1.355 , 0.0003 , 0.0003 , 0.0507
        1.360 , 0.0000 , -0.0003 , 0.0381
        1.365 , 0.0000 , 0.0000 , 0.0369
        1.370 , 0.0000 , 0.0000 , 0.0525
        1.375 , 0.0000 , -0.0003 , 0.0275
        1.380 , 0.0674 , 0.0073 , 0.1544
        1.385 , 0.7968 , 0.0964 , 4.7368
        1.390 , -0.0003 , -0.0003 , 0.0366
        1.395 , -0.0003 , -0.0003 , 0.0522
        1.400 , 0.7767 , 0.0967 , 4.7020
        1.405 , 0.0003 , 0.0000 , 0.0507
        1.410 , -0.0003 , -0.0003 , 0.0381
        1.415 , 0.0000 , 0.0000 , 0.0366
        1.420 , -0.0003 , -0.0003 , 0.0522
        1.425 , 0.0000 , 0.0000 , 0.0278
        1.430 , 0.0000 , -0.0003 , 0.0497
        1.435 , 0.7971 , 0.0952 , 4.5561
        1.440 , 0.0000 , -0.0003 , 0.0366
        1.445 , 0.0000 , 0.0000 , 0.0528
        1.450 , 1.3736 , 0.1660 , 8.1976
        1.455 , 0.0000 , 0.0000 , 0.0501
        1.460 , 0.0000 , 0.0000 , 0.0388
        1.465 , 0.5786 , 0.0699 , 3.5014
        1.470 , 0.0000 , -0.0003 , 0.0528
        1.475 , 0.0000 , -0.0003 , 0.0275
        1.480 , 0.0000 , 0.0000 , 0.0501
        1.485 , 0.7950 , 0.0934 , 4.3995
        1.490 , 0.0000 , 0.0000 , 0.0363
        1.495 , 0.0000 , -0.0003 , 0.0525
        1.500 , 1.4447 , 0.1721 , 8.5632
        1.505 , 0.0000 , 0.0000 , 0.0497
        1.510 , 0.0000 , 0.0000 , 0.0385
        1.515 , 1.1939 , 0.1450 , 7.1941
        1.520 , 0.0000 , 0.0000 , 0.0525
        1.525 , 0.0000 , 0.0000 , 0.0275
        1.530 , 0.4215 , 0.0516 , 2.6127
        1.535 , 0.5051 , 0.0592 , 2.8126
        1.540 , 0.0000 , -0.0003 , 0.0357
        1.545 , 0.0000 , 0.0000 , 0.0528
        1.550 , 1.3013 , 0.1563 , 7.4755
        1.555 , 0.0000 , 0.0000 , 0.0497
        1.560 , 0.0000 , 0.0000 , 0.0388
        1.565 , 1.4469 , 0.1758 , 7.5909
        1.570 , 0.0000 , -0.0003 , 0.0528
        1.575 , 0.0000 , 0.0000 , 0.0275
        1.580 , 1.0126 , 0.1218 , 3.3192
        1.585 , 0.0000 , 0.0000 , 0.0394
        1.590 , 0.0000 , 0.0000 , 0.0360
        1.595 , 0.1398 , 0.0162 , 0.1740
        1.600 , 0.6531 , 0.0803 , 3.8441
        1.605 , 0.1447 , 0.0177 , 0.9079
        1.610 , 0.0000 , -0.0003 , 0.0394
        1.615 , 1.4533 , 0.1798 , 7.4178
        1.620 , 0.1926 , 0.0195 , 1.2580
        1.625 , 0.0003 , 0.0003 , 0.0278
        1.630 , 1.1447 , 0.1395 , 2.8990
        1.635 , 0.0000 , 0.0000 , 0.0400
        1.640 , 0.0000 , -0.0003 , 0.0357
        1.645 , 0.0702 , 0.0079 , 0.2402
        1.650 , 0.0723 , 0.0085 , 0.4526
        1.655 , 0.0000 , 0.0000 , 0.0494
        1.660 , 0.0000 , 0.0000 , 0.0397
        1.665 , 0.8823 , 0.1086 , 3.8099
        1.670 , 0.2902 , 0.0360 , 1.7835
        1.675 , 0.0003 , 0.0000 , 0.0281
        1.680 , 1.2107 , 0.1486 , 2.9893
        1.685 , 0.3616 , 0.0436 , 2.0307
        1.690 , 0.0000 , 0.0000 , 0.0354
        1.695 , 0.1401 , 0.0162 , 0.2213
        1.700 , 0.0000 , 0.0000 , 0.0278
        1.705 , 0.0003 , 0.0000 , 0.0491
        1.710 , -0.0003 , -0.0003 , 0.0400
        1.715 , 0.2176 , 0.0269 , 0.8512
        1.720 , 0.1370 , 0.0137 , 0.4245
        1.725 , 0.0000 , 0.0000 , 0.0281
        1.730 , 0.7068 , 0.0858 , 1.3272
        1.735 , 0.4285 , 0.0516 , 2.4482
        1.740 , -0.0003 , -0.0003 , 0.0351
        1.745 , 0.1389 , 0.0159 , 0.2365
        1.750 , 0.2109 , 0.0259 , 1.3166
        1.755 , 0.0000 , -0.0003 , 0.0488
        1.760 , 0.0000 , 0.0000 , 0.0403
        1.765 , 0.0000 , 0.0000 , 0.0351
        1.770 , 0.0000 , 0.0000 , 0.0534
        1.775 , 0.0000 , 0.0000 , 0.0275
        1.780 , 0.1370 , 0.0159 , 0.2490
        1.785 , 0.7297 , 0.0891 , 3.9525
        1.790 , 0.0000 , -0.0003 , 0.0345
        1.795 , 0.0000 , 0.0000 , 0.0742
        1.800 , 0.7996 , 0.0986 , 4.7679
        1.805 , 0.0000 , 0.0000 , 0.0488
        1.810 , 0.0000 , 0.0000 , 0.0406
        1.815 , 0.0000 , 0.0000 , 0.0348
        1.820 , -0.0003 , -0.0003 , 0.0528
        1.825 , 0.0000 , 0.0000 , 0.0275
        1.830 , 0.0000 , 0.0000 , 0.0488
        1.835 , 0.6537 , 0.0793 , 3.7312
        1.840 , 0.0000 , 0.0000 , 0.0345
        1.845 , 0.0000 , 0.0000 , 0.0534
        1.850 , 1.4396 , 0.1791 , 8.5852
        1.855 , 0.0000 , 0.0000 , 0.0485
        1.860 , 0.0000 , 0.0000 , 0.0415
        1.865 , 0.6513 , 0.0809 , 3.9250
        1.870 , 0.0000 , 0.0000 , 0.0534
        1.875 , -0.0003 , -0.0003 , 0.0278
        1.880 , -0.0003 , -0.0003 , 0.0485
        1.885 , 0.6537 , 0.0793 , 3.5981
        1.890 , 0.0000 , 0.0000 , 0.0345
        1.895 , 0.0000 , 0.0000 , 0.0534
        1.900 , 1.4530 , 0.1782 , 8.5382
        1.905 , 0.0000 , -0.0003 , 0.0479
        1.910 , 0.0000 , 0.0000 , 0.0412
        1.915 , 1.2351 , 0.1535 , 7.3232
        1.920 , 0.0000 , 0.0000 , 0.0537
        1.925 , 0.0003 , 0.0003 , 0.0284
        1.930 , 0.4483 , 0.0562 , 2.7131
        1.935 , 0.4361 , 0.0537 , 2.5700
        1.940 , 0.0000 , -0.0003 , 0.0342
        1.945 , 0.0000 , -0.0003 , 0.0537
        1.950 , 1.2384 , 0.1553 , 7.2057
        1.955 , 0.0000 , -0.0003 , 0.0482
        1.960 , 0.0000 , -0.0003 , 0.0415
        1.965 , 1.4557 , 0.1831 , 7.8637
        1.970 , 0.0000 , 0.0000 , 0.0537
        1.975 , 0.0000 , -0.0003 , 0.0275
        1.980 , 1.0898 , 0.1364 , 4.2201
        1.985 , 0.0000 , -0.0003 , 0.0418
        1.990 , 0.0000 , -0.0003 , 0.0339
        1.995 , 0.2838 , 0.0348 , 0.7001
        2.000 , 0.5823 , 0.0739 , 3.4172
        2.005 , 0.1447 , 0.0183 , 0.9073
        2.010 , -0.0003 , -0.0003 , 0.0418
        2.015 , 1.3813 , 0.1773 , 7.3028
        2.020 , 0.2246 , 0.0262 , 0.9693
        2.025 , -0.0003 , -0.0003 , 0.0281
        2.030 , 1.2891 , 0.1636 , 3.5838
        2.035 , 0.0000 , 0.0000 , 0.0418
        2.040 , 0.0000 , 0.0000 , 0.0336
        2.045 , 0.3476 , 0.0424 , 0.4114
        2.050 , 0.0003 , 0.0003 , 0.0287
        2.055 , 0.0000 , 0.0000 , 0.0479
        2.060 , 0.0000 , 0.0000 , 0.0424
        2.065 , 0.8017 , 0.1041 , 3.9940
        2.070 , 0.2844 , 0.0354 , 1.7676
        2.075 , 0.0000 , -0.0003 , 0.0281
        2.080 , 1.2943 , 0.1648 , 3.6329
        2.085 , 0.3613 , 0.0461 , 2.1287
        2.090 , 0.0000 , 0.0000 , 0.0333
        2.095 , 0.3424 , 0.0314 , 0.3754
        2.100 , 0.0000 , -0.0003 , 0.0284
        2.105 , 0.0000 , 0.0000 , 0.0476
        2.110 , 0.0000 , 0.0000 , 0.0427
        2.115 , 0.1453 , 0.0186 , 0.5615
        2.120 , 0.0000 , 0.0000 , 0.0931
        2.125 , 0.0000 , 0.0000 , 0.0284
        2.130 , 0.7855 , 0.0992 , 1.5149
        2.135 , 0.3635 , 0.0458 , 1.9919
        2.140 , 0.0000 , 0.0000 , 0.0333
        2.145 , 0.2780 , 0.0339 , 0.4123
        2.150 , 0.2176 , 0.0278 , 1.3541
        2.155 , 0.0000 , 0.0000 , 0.0473
        2.160 , 0.0000 , 0.0000 , 0.0430
        2.165 , 0.0000 , -0.0003 , 0.0333
        2.170 , -0.0003 , -0.0003 , 0.0534
        2.175 , 0.0003 , 0.0000 , 0.0287
        2.180 , 0.1386 , 0.0168 , 0.3064
        2.185 , 0.5802 , 0.0732 , 3.2231
        2.190 , 0.0000 , 0.0000 , 0.0336
        2.195 , -0.0003 , -0.0003 , 0.1032
        2.200 , 0.8698 , 0.1111 , 5.1836
        2.205 , 0.0000 , 0.0000 , 0.0470
        2.210 , 0.0000 , -0.0003 , 0.0430
        2.215 , 0.0717 , 0.0089 , 0.4682
        2.220 , -0.0003 , -0.0003 , 0.0537
        2.225 , -0.0003 , -0.0003 , 0.0284
        2.230 , -0.0003 , -0.0003 , 0.0467
        2.235 , 0.5069 , 0.0626 , 2.9417
        2.240 , 0.0000 , -0.0003 , 0.0327
        2.245 , 0.0000 , 0.0000 , 0.0537
        2.250 , 1.4505 , 0.1801 , 8.5821
        2.255 , 0.0000 , -0.0003 , 0.0467
        2.260 , 0.0000 , 0.0000 , 0.0433
        2.265 , 0.7147 , 0.0903 , 4.3181
        2.270 , 0.0000 , -0.0003 , 0.0537
        2.275 , 0.0000 , 0.0000 , 0.0287
        2.280 , -0.0003 , -0.0003 , 0.0464
        2.285 , 0.5066 , 0.0613 , 2.8330
        2.290 , 0.0000 , 0.0000 , 0.0323
        2.295 , -0.0003 , -0.0003 , 0.0537
        2.300 , 1.4447 , 0.1758 , 8.5180
        2.305 , 0.0000 , 0.0000 , 0.0464
        2.310 , 0.0000 , 0.0000 , 0.0436
        2.315 , 1.2983 , 0.1575 , 7.7425
        2.320 , 0.0000 , 0.0000 , 0.0540
        2.325 , -0.0003 , -0.0003 , 0.0284
        2.330 , 0.5039 , 0.0610 , 3.0625
        2.335 , 0.3598 , 0.0427 , 2.1525
        2.340 , 0.0000 , 0.0000 , 0.0323
        2.345 , 0.0003 , 0.0000 , 0.0537
        2.350 , 1.1530 , 0.1386 , 6.7956
        2.355 , 0.0000 , 0.0000 , 0.0461
        2.360 , 0.0000 , 0.0000 , 0.0433
        2.365 , 1.4408 , 0.1737 , 8.3084
        2.370 , 0.0000 , 0.0000 , 0.0534
        2.375 , 0.0000 , 0.0000 , 0.0287
        2.380 , 1.1469 , 0.1379 , 5.0969
        2.385 , 0.0000 , 0.0000 , 0.0439
        2.390 , 0.0000 , 0.0000 , 0.0317
        2.395 , 0.3522 , 0.0418 , 1.2626
        2.400 , 0.5823 , 0.0690 , 3.0628
        2.405 , 0.1413 , 0.0168 , 0.9030
        2.410 , 0.0000 , 0.0000 , 0.0443
        2.415 , 1.3755 , 0.1654 , 7.3269
        2.420 , 0.1431 , 0.0171 , 0.9409
        2.425 , 0.0000 , 0.0000 , 0.0287
        2.430 , 1.3120 , 0.1798 , 4.3773
        2.435 , 0.0000 , -0.0003 , 0.0443
        2.440 , 0.0000 , 0.0000 , 0.0317
        2.445 , 0.4199 , 0.0491 , 0.5759
        2.450 , 0.0000 , 0.0000 , 0.0293
        2.455 , -0.0003 , -0.0003 , 0.0458
        2.460 , -0.0003 , 0.0000 , 0.0443
        2.465 , 0.7218 , 0.0897 , 3.9326
        2.470 , 0.2573 , 0.0247 , 1.6514
        2.475 , 0.0003 , 0.0000 , 0.0293
        2.480 , 1.3590 , 0.1663 , 4.3303
        2.485 , 0.3482 , 0.0406 , 2.1674
        2.490 , 0.0003 , 0.0003 , 0.0317
        2.495 , 0.4193 , 0.0497 , 0.5661
        2.500 , 0.0000 , 0.0000 , 0.0293
        2.505 , 0.0000 , 0.0000 , 0.0455
        2.510 , 0.0000 , 0.0000 , 0.0446
        2.515 , 0.1447 , 0.0171 , 0.4074
        2.520 , 0.0000 , 0.0000 , 0.0641
        2.525 , -0.0003 , -0.0003 , 0.0290
        2.530 , 0.7111 , 0.0891 , 1.7158
        2.535 , 0.3607 , 0.0455 , 2.2382
        2.540 , -0.0003 , -0.0003 , 0.0314
        2.545 , 0.3516 , 0.0436 , 0.5499
        2.550 , 0.2890 , 0.0366 , 1.7579
        2.555 , -0.0003 , -0.0003 , 0.0455
        2.560 , 0.0000 , 0.0000 , 0.0452
        2.565 , 0.0000 , 0.0000 , 0.0314
        2.570 , 0.0000 , 0.0000 , 0.0537
        2.575 , 0.0000 , 0.0000 , 0.0296
        2.580 , 0.2744 , 0.0244 , 0.3385
        2.585 , 0.4340 , 0.0555 , 2.5547
        2.590 , 0.0000 , 0.0000 , 0.0311
        2.595 , 0.1364 , 0.0162 , 0.2133
        2.600 , 0.9412 , 0.1209 , 5.2303
        2.605 , 0.0000 , 0.0000 , 0.0452
        2.610 , 0.0000 , 0.0000 , 0.0452
        2.615 , 0.1419 , 0.0189 , 0.8963
        2.620 , 0.0000 , 0.0000 , 0.0537
        2.625 , -0.0003 , -0.0003 , 0.0296
        2.630 , 0.0000 , 0.0000 , 0.0449
        2.635 , 0.3616 , 0.0467 , 2.1747
        2.640 , 0.0000 , 0.0000 , 0.0311
        2.645 , 0.0000 , 0.0000 , 0.0537
        2.650 , 1.3755 , 0.1779 , 8.0261
        2.655 , -0.0003 , -0.0003 , 0.0449
        2.660 , 0.0000 , 0.0000 , 0.0458
        2.665 , 0.7447 , 0.1019 , 4.4679
        2.670 , 0.0000 , 0.0000 , 0.0537
        2.675 , 0.0000 , 0.0000 , 0.0299
        2.680 , 0.0000 , 0.0000 , 0.0449
        2.685 , 0.3616 , 0.0464 , 2.0737
        2.690 , 0.0000 , 0.0000 , 0.0305
        2.695 , 0.0000 , 0.0000 , 0.0540
        2.700 , 1.3749 , 0.1761 , 7.8860
        2.705 , 0.0000 , 0.0000 , 0.0449
        2.710 , 0.0003 , 0.0000 , 0.0461
        2.715 , 1.3694 , 0.1779 , 8.1475
        2.720 , 0.0000 , 0.0000 , 0.0540
        2.725 , 0.0000 , 0.0000 , 0.0299
        2.730 , 0.5774 , 0.0745 , 3.4855
        2.735 , 0.2890 , 0.0366 , 1.7383
        2.740 , 0.0000 , 0.0000 , 0.0308
        2.745 , 0.0000 , 0.0000 , 0.0537
        2.750 , 1.0852 , 0.1386 , 6.3713
        2.755 , -0.0003 , 0.0000 , 0.0446
        2.760 , 0.0000 , -0.0003 , 0.0458
        2.765 , 1.4457 , 0.1846 , 8.4976
        2.770 , 0.0003 , 0.0000 , 0.0540
        2.775 , 0.0000 , 0.0000 , 0.0299
        2.780 , 1.1570 , 0.1474 , 5.7241
        2.785 , -0.0003 , -0.0003 , 0.0461
        2.790 , 0.0000 , -0.0003 , 0.0305
        2.795 , 0.4059 , 0.0482 , 1.6794
        2.800 , 0.5051 , 0.0641 , 2.9838
        2.805 , 0.0720 , 0.0092 , 0.4733
        2.810 , 0.0000 , 0.0000 , 0.0464
        2.815 , 1.2983 , 0.1651 , 7.5710
        2.820 , 0.1416 , 0.0174 , 0.9339
        2.825 , 0.0000 , 0.0000 , 0.0305
        2.830 , 1.4298 , 0.1804 , 5.0432
        2.835 , 0.0000 , 0.0000 , 0.0467
        2.840 , -0.0003 , -0.0003 , 0.0299
        2.845 , 0.4910 , 0.0601 , 0.7837
        2.850 , 0.0000 , 0.0000 , 0.0305
        2.855 , 0.0000 , -0.0003 , 0.0436
        2.860 , 0.0000 , 0.0000 , 0.0464
        2.865 , 0.6476 , 0.0812 , 3.7272
        2.870 , 0.2149 , 0.0262 , 1.3471
        2.875 , -0.0003 , -0.0003 , 0.0302
        2.880 , 1.4292 , 0.1767 , 5.1305
        2.885 , 0.2988 , 0.0201 , 1.8729
        2.890 , -0.0003 , -0.0003 , 0.0302
        2.895 , 0.5612 , 0.0662 , 0.8530
        2.900 , -0.0003 , -0.0003 , 0.0305
        2.905 , 0.0000 , 0.0000 , 0.0433
        2.910 , 0.0000 , -0.0003 , 0.0467
        2.915 , 0.0714 , 0.0089 , 0.4367
        2.920 , 0.0003 , 0.0000 , 0.0555
        2.925 , 0.0000 , 0.0000 , 0.0302
        2.930 , 0.8518 , 0.1038 , 2.0588
        2.935 , 0.3571 , 0.0436 , 2.2645
        2.940 , -0.0003 , -0.0003 , 0.0296
        2.945 , 0.6290 , 0.0742 , 0.8722
        2.950 , 0.3571 , 0.0436 , 2.1961
        2.955 , 0.0000 , 0.0000 , 0.0430
        2.960 , 0.0000 , -0.0003 , 0.0467
        2.965 , -0.0006 , -0.0006 , 0.0293
        2.970 , 0.0000 , 0.0000 , 0.0534
        2.975 , -0.0003 , -0.0003 , 0.0305
        2.980 , 0.2115 , 0.0250 , 0.2963
        2.985 , 0.2863 , 0.0348 , 1.7951
        2.990 , -0.0003 , -0.0006 , 0.0293
        2.995 , 0.0671 , 0.0073 , 0.2026
        3.000 , 0.8463 , 0.1044 , 4.9815
        3.005 , 0.0000 , 0.0000 , 0.0430
        3.010 , 0.0000 , 0.0000 , 0.0470
        3.015 , 0.1993 , 0.0266 , 1.2836
        3.020 , 0.0000 , 0.0000 , 0.0537
        3.025 , 0.0000 , -0.0003 , 0.0311
        3.030 , -0.0003 , -0.0003 , 0.0427
        3.035 , 0.2890 , 0.0345 , 1.4057
        3.040 , 0.0000 , 0.0000 , 0.0296
        3.045 , 0.0000 , 0.0000 , 0.0534
        3.050 , 1.2220 , 0.1538 , 7.3351
        3.055 , 0.0000 , 0.0000 , 0.0433
        3.060 , 0.0000 , 0.0000 , 0.0476
        3.065 , 0.7907 , 0.1004 , 4.7926
        3.070 , 0.0000 , 0.0000 , 0.0534
        3.075 , 0.0000 , 0.0000 , 0.0314
        3.080 , 0.0000 , 0.0000 , 0.0427
        3.085 , 0.2152 , 0.0269 , 1.3346
        3.090 , -0.0003 , -0.0003 , 0.0290
        3.095 , 0.0000 , -0.0003 , 0.0531
        3.100 , 1.2210 , 0.1556 , 7.2237
        3.105 , 0.0000 , 0.0000 , 0.0427
        3.110 , 0.0000 , 0.0000 , 0.0479
        3.115 , 1.4100 , 0.1843 , 8.5208
        3.120 , 0.0000 , 0.0000 , 0.0534
        3.125 , 0.0000 , -0.0003 , 0.0314
        3.130 , 0.6412 , 0.0830 , 3.9326
        3.135 , 0.2149 , 0.0266 , 1.2128
        3.140 , 0.0000 , 0.0000 , 0.0293
        3.145 , 0.0000 , 0.0000 , 0.0534
        3.150 , 1.0776 , 0.1355 , 6.1324
        3.155 , -0.0006 , -0.0006 , 0.0421
        3.160 , 0.0000 , 0.0000 , 0.0479
        3.165 , 1.4371 , 0.1837 , 8.5525
        3.170 , 0.0000 , 0.0000 , 0.0534
        3.175 , 0.0003 , 0.0000 , 0.0320
        3.180 , 1.2220 , 0.1553 , 6.6897
        3.185 , -0.0003 , -0.0003 , 0.0485
        3.190 , 0.0000 , 0.0000 , 0.0293
        3.195 , 0.4343 , 0.0537 , 1.7298
        3.200 , 0.4318 , 0.0549 , 2.5764
        3.205 , -0.0003 , -0.0003 , 0.0427
        3.210 , 0.0000 , 0.0000 , 0.0482
        3.215 , 1.2229 , 0.1566 , 7.2756
        3.220 , 0.1340 , 0.0168 , 0.9082
        3.225 , 0.0000 , 0.0000 , 0.0320
        3.230 , 1.4295 , 0.1819 , 5.7204
        3.235 , 0.0000 , 0.0000 , 0.0482
        3.240 , -0.0003 , -0.0003 , 0.0290
        3.245 , 0.6992 , 0.0861 , 1.1817
        3.250 , 0.0000 , -0.0003 , 0.0323
        3.255 , 0.0000 , 0.0000 , 0.0421
        3.260 , 0.0000 , 0.0000 , 0.0482
        3.265 , 0.5747 , 0.0723 , 3.4675
        3.270 , 0.2136 , 0.0262 , 1.3520
        3.275 , 0.0000 , 0.0000 , 0.0320
        3.280 , 1.3593 , 0.1688 , 5.3142
        3.285 , 0.2857 , 0.0348 , 1.7548
        3.290 , 0.0000 , -0.0003 , 0.0287
        3.295 , 0.7019 , 0.0848 , 1.2510
        3.300 , 0.0003 , 0.0003 , 0.0323
        3.305 , 0.0000 , -0.0003 , 0.0418
        3.310 , -0.0003 , -0.0003 , 0.0482
        3.315 , 0.0000 , -0.0003 , 0.0293
        3.320 , -0.0003 , -0.0003 , 0.0528
        3.325 , 0.0000 , -0.0003 , 0.0323
        3.330 , 0.7819 , 0.0967 , 2.2440
        3.335 , 0.4187 , 0.0485 , 2.2559
        3.340 , 0.0000 , -0.0003 , 0.0284
        3.345 , 0.7764 , 0.0964 , 1.2183
        3.350 , 0.4279 , 0.0510 , 2.2382
        3.355 , -0.0003 , -0.0003 , 0.0412
        3.360 , 0.0000 , 0.0000 , 0.0485
        3.365 , 0.0000 , -0.0003 , 0.0284
        3.370 , -0.0003 , -0.0003 , 0.0525
        3.375 , 0.0000 , 0.0000 , 0.0327
        3.380 , 0.1395 , 0.0165 , 0.2719
        3.385 , 0.2145 , 0.0259 , 1.3117
        3.390 , 0.0000 , 0.0000 , 0.0284
        3.395 , 0.2063 , 0.0238 , 0.2814
        3.400 , 0.7157 , 0.0873 , 4.2958
        3.405 , 0.0000 , 0.0000 , 0.0409
        3.410 , 0.0000 , -0.0003 , 0.0485
        3.415 , 0.2145 , 0.0259 , 1.3453
        3.420 , -0.0003 , 0.0000 , 0.0528
        3.425 , 0.0000 , 0.0000 , 0.0330
        3.430 , 0.0000 , -0.0003 , 0.0409
        3.435 , 0.1428 , 0.0162 , 0.7199
        3.440 , 0.0000 , -0.0003 , 0.0284
        3.445 , 0.0000 , -0.0003 , 0.0525
        3.450 , 1.1454 , 0.1373 , 6.5859
        3.455 , -0.0003 , -0.0003 , 0.0406
        3.460 , 0.0000 , 0.0000 , 0.0491
        3.465 , 0.8573 , 0.1041 , 5.2678
        3.470 , -0.0003 , -0.0003 , 0.0522
        3.475 , 0.0003 , 0.0000 , 0.0333
        3.480 , 0.0699 , 0.0085 , 0.4810
        3.485 , 0.1447 , 0.0159 , 0.5341
        3.490 , 0.0000 , 0.0000 , 0.0281
        3.495 , 0.0000 , 0.0000 , 0.0525
        3.500 , 1.0721 , 0.1303 , 6.4321
        3.505 , 0.0000 , 0.0000 , 0.0406
        3.510 , 0.0000 , -0.0003 , 0.0491
        3.515 , 1.4301 , 0.1767 , 8.6923
        3.520 , 0.0000 , 0.0000 , 0.0525
        3.525 , 0.0000 , -0.0003 , 0.0333
        3.530 , 0.6912 , 0.0885 , 4.3004
        3.535 , 0.0714 , 0.0085 , 0.5029
        3.540 , 0.0000 , 0.0000 , 0.0281
        3.545 , 0.0003 , 0.0000 , 0.0525
        3.550 , 1.0016 , 0.1245 , 6.0094
        3.555 , 0.0000 , 0.0000 , 0.0403
        3.560 , 0.0000 , -0.0003 , 0.0491
        3.565 , 1.4313 , 0.1798 , 8.5998
        3.570 , 0.0000 , 0.0000 , 0.0522
        3.575 , -0.0006 , -0.0006 , 0.0333
        3.580 , 1.2854 , 0.1624 , 7.5927
        3.585 , -0.0003 , -0.0003 , 0.0494
        3.590 , -0.0003 , -0.0003 , 0.0278
        3.595 , 0.5029 , 0.0626 , 2.3203
        3.600 , 0.3580 , 0.0452 , 2.1714
        3.605 , 0.0000 , -0.0003 , 0.0397
        3.610 , 0.0000 , 0.0000 , 0.0497
        3.615 , 1.1460 , 0.1456 , 6.8819
        3.620 , 0.0949 , 0.0052 , 0.6830
        3.625 , 0.0000 , 0.0000 , 0.0336
        3.630 , 1.4270 , 0.1816 , 6.3485
        3.635 , 0.0000 , 0.0000 , 0.0501
        3.640 , -0.0003 , -0.0003 , 0.0278
        3.645 , 0.7706 , 0.0974 , 1.7609
        3.650 , 0.0000 , -0.0003 , 0.0342
        3.655 , 0.0000 , 0.0000 , 0.0400
        3.660 , 0.0000 , 0.0000 , 0.0501
        3.665 , 0.5713 , 0.0723 , 3.2862
        3.670 , 0.2087 , 0.0259 , 1.3511
        3.675 , 0.0000 , -0.0003 , 0.0339
        3.680 , 1.3544 , 0.1737 , 5.8864
        3.685 , 0.2847 , 0.0345 , 1.5070
        3.690 , 0.0000 , 0.0000 , 0.0278
        3.695 , 0.8432 , 0.1047 , 1.6352
        3.700 , 0.0000 , -0.0003 , 0.0342
        3.705 , 0.0000 , -0.0003 , 0.0394
        3.710 , 0.0000 , 0.0000 , 0.0501
        3.715 , 0.0003 , 0.0003 , 0.0281
        3.720 , -0.0003 , -0.0003 , 0.0516
        3.725 , 0.0000 , 0.0000 , 0.0342
        3.730 , 0.7126 , 0.0913 , 2.2190
        3.735 , 0.3583 , 0.0439 , 2.0612
        3.740 , 0.0000 , 0.0000 , 0.0278
        3.745 , 0.8454 , 0.1050 , 1.6944
        3.750 , 0.4038 , 0.0458 , 2.5129
        3.755 , 0.0000 , 0.0000 , 0.0394
        3.760 , 0.0000 , 0.0000 , 0.0504
        3.765 , 0.0000 , 0.0000 , 0.0278
        3.770 , 0.0000 , 0.0000 , 0.0516
        3.775 , 0.0000 , -0.0003 , 0.0348
        3.780 , 0.1407 , 0.0180 , 0.3919
        3.785 , 0.1440 , 0.0168 , 0.6009
        3.790 , 0.0003 , 0.0000 , 0.0278
        3.795 , 0.2756 , 0.0336 , 0.4349
        3.800 , 0.6436 , 0.0800 , 3.9744
        3.805 , 0.0000 , 0.0000 , 0.0394
        3.810 , 0.0000 , 0.0000 , 0.0504
        3.815 , 0.2863 , 0.0360 , 1.7786
        3.820 , 0.0000 , 0.0000 , 0.0519
        3.825 , 0.0000 , 0.0000 , 0.0351
        3.830 , 0.0003 , 0.0000 , 0.0394
        3.835 , 0.0000 , -0.0003 , 0.0513
        3.840 , 0.0000 , 0.0000 , 0.0275
        3.845 , 0.0000 , 0.0000 , 0.0513
        3.850 , 1.0068 , 0.1245 , 5.7237
        3.855 , 0.0003 , 0.0000 , 0.0388
        3.860 , 0.0000 , -0.0003 , 0.0507
        3.865 , 0.9262 , 0.1178 , 5.6566
        3.870 , -0.0003 , 0.0000 , 0.0516
        3.875 , 0.0000 , 0.0000 , 0.0354
        3.880 , 0.1364 , 0.0186 , 0.9009
        3.885 , 0.0000 , -0.0003 , 0.0510
        3.890 , 0.0000 , -0.0003 , 0.0275
        3.895 , 0.0000 , 0.0000 , 0.0516
        3.900 , 0.9320 , 0.1163 , 5.5400
        3.905 , 0.0000 , 0.0000 , 0.0388
        3.910 , 0.0000 , -0.0003 , 0.0507
        3.915 , 1.4356 , 0.1801 , 8.6493
        3.920 , -0.0003 , -0.0003 , 0.0510
        3.925 , 0.0000 , 0.0000 , 0.0354
        3.930 , 0.7169 , 0.0897 , 4.3770
        3.935 , -0.0003 , -0.0003 , 0.0507
        3.940 , 0.0000 , -0.0003 , 0.0272
        3.945 , -0.0003 , -0.0003 , 0.0510
        3.950 , 0.9311 , 0.1147 , 5.4253
        3.955 , 0.0000 , 0.0000 , 0.0385
        3.960 , 0.0000 , 0.0000 , 0.0510
        3.965 , 1.4331 , 0.1779 , 8.5818
        3.970 , 0.0000 , 0.0000 , 0.0507
        3.975 , 0.0000 , 0.0000 , 0.0357
        3.980 , 1.3483 , 0.1685 , 8.1854
        3.985 , -0.0003 , -0.0003 , 0.0507
        3.990 , 0.0003 , 0.0000 , 0.0275
        3.995 , 0.5713 , 0.0705 , 3.0338
        4.000 , 0.3650 , 0.0430 , 1.7982
        4.005 , 0.0000 , -0.0003 , 0.0378
        4.010 , 0.0003 , 0.0000 , 0.0513
        4.015 , 1.1557 , 0.1428 , 6.4815
        4.020 , 0.0711 , 0.0085 , 0.4913
        4.025 , 0.0000 , 0.0000 , 0.0360
        4.030 , 1.4301 , 0.1825 , 6.8212
        4.035 , 0.0711 , 0.0085 , 0.4855
        4.040 , 0.0000 , 0.0000 , 0.0275
        4.045 , 0.9861 , 0.1230 , 2.0902
        4.050 , 0.0000 , 0.0000 , 0.0363
        4.055 , 0.0000 , 0.0000 , 0.0378
        4.060 , -0.0003 , -0.0006 , 0.0693
        4.065 , 0.5005 , 0.0644 , 3.0280
        4.070 , 0.1422 , 0.0180 , 0.9217
        4.075 , 0.0000 , 0.0000 , 0.0363
        4.080 , 1.2824 , 0.1657 , 6.1257
        4.085 , 0.2890 , 0.0342 , 1.3950
        4.090 , 0.0003 , 0.0003 , 0.0278
        4.095 , 0.9137 , 0.1166 , 2.2813
        4.100 , -0.0003 , -0.0003 , 0.0363
        4.105 , 0.0000 , 0.0000 , 0.0375
        4.110 , 0.0000 , 0.0000 , 0.0906
        4.115 , 0.0000 , 0.0000 , 0.0272
        4.120 , -0.0003 , 0.0000 , 0.0510
        4.125 , 0.0000 , 0.0000 , 0.0366
        4.130 , 0.6394 , 0.0827 , 2.3637
        4.135 , 0.3565 , 0.0449 , 2.1552
        4.140 , 0.0000 , 0.0000 , 0.0275
        4.145 , 0.9159 , 0.1157 , 2.2251
        4.150 , 0.3568 , 0.0446 , 2.1564
        4.155 , 0.0000 , 0.0000 , 0.0375
        4.160 , 0.0000 , -0.0003 , 0.0876
        4.165 , 0.0000 , 0.0000 , 0.0272
        4.170 , 0.0003 , 0.0003 , 0.0513
        4.175 , 0.0000 , 0.0000 , 0.0369
        4.180 , 0.0705 , 0.0085 , 0.2152
        4.185 , 0.0000 , 0.0000 , 0.0665
        4.190 , 0.0000 , 0.0000 , 0.0272
        4.195 , 0.4178 , 0.0510 , 0.6311
        4.200 , 0.6424 , 0.0803 , 3.7687
        4.205 , 0.0000 , -0.0003 , 0.0372
        4.210 , 0.0006 , 0.0003 , 0.1004
        4.215 , 0.3558 , 0.0446 , 2.2190
        4.220 , 0.0000 , 0.0000 , 0.0504
        4.225 , 0.0000 , 0.0000 , 0.0372
        4.230 , 0.0000 , 0.0000 , 0.0372
        4.235 , -0.0003 , -0.0003 , 0.0513
        4.240 , -0.0003 , -0.0003 , 0.0272
        4.245 , 0.0000 , 0.0000 , 0.0504
        4.250 , 0.8591 , 0.1050 , 4.9760
        4.255 , -0.0003 , -0.0003 , 0.0369
        4.260 , 0.0000 , 0.0000 , 0.0519
        4.265 , 0.9684 , 0.1233 , 5.9502
        4.270 , 0.0000 , 0.0000 , 0.0504
        4.275 , 0.0000 , 0.0000 , 0.0375
        4.280 , 0.1785 , 0.0269 , 1.1667
        4.285 , 0.0000 , 0.0000 , 0.0519
        4.290 , 0.0000 , -0.0003 , 0.0272
        4.295 , 0.0000 , 0.0000 , 0.0501
        4.300 , 0.8643 , 0.1047 , 4.7923
        4.305 , 0.0000 , 0.0000 , 0.0366
        4.310 , 0.0000 , 0.0000 , 0.0519
        4.315 , 1.4380 , 0.1779 , 8.6831
        4.320 , 0.0000 , 0.0000 , 0.0501
        4.325 , 0.0003 , 0.0000 , 0.0385
        4.330 , 0.7913 , 0.0983 , 4.8268
        4.335 , 0.0000 , 0.0000 , 0.0522
        4.340 , 0.0000 , 0.0000 , 0.0272
        4.345 , -0.0003 , -0.0003 , 0.0501
        4.350 , 0.7926 , 0.0983 , 4.6492
        4.355 , 0.0003 , 0.0000 , 0.0366
        4.360 , 0.0000 , 0.0000 , 0.0525
        4.365 , 1.4441 , 0.1813 , 8.5888
        4.370 , 0.0000 , -0.0003 , 0.0501
        4.375 , 0.0000 , 0.0000 , 0.0381
        4.380 , 1.3840 , 0.1737 , 8.2839
        4.385 , 0.0000 , 0.0000 , 0.0525
        4.390 , 0.0000 , 0.0000 , 0.0275
        4.395 , 0.6421 , 0.0809 , 3.4675
        4.400 , 0.2899 , 0.0363 , 1.7365
        4.405 , 0.0000 , 0.0000 , 0.0366
        4.410 , 0.0000 , 0.0000 , 0.0528
        4.415 , 1.0904 , 0.1386 , 6.4129
        4.420 , 0.0708 , 0.0089 , 0.4837
        4.425 , -0.0006 , -0.0006 , 0.0381
        4.430 , 1.4539 , 0.1874 , 7.5097
        4.435 , 0.1434 , 0.0180 , 0.9153
        4.440 , 0.0000 , 0.0000 , 0.0278
        4.445 , 1.1432 , 0.1444 , 2.6154
        4.450 , 0.0000 , -0.0003 , 0.0388
        4.455 , -0.0003 , -0.0003 , 0.0363
        4.460 , 0.0690 , 0.0076 , 0.1697
        4.465 , 0.4373 , 0.0568 , 2.5858
        4.470 , 0.1520 , 0.0174 , 0.5252
        4.475 , -0.0003 , -0.0003 , 0.0391
        4.480 , 1.2384 , 0.1630 , 6.1864
        4.485 , 0.1953 , 0.0214 , 1.2955
        4.490 , 0.0000 , 0.0000 , 0.0275
        4.495 , 1.1493 , 0.1486 , 2.7570
        4.500 , 0.0000 , -0.0003 , 0.0394
        4.505 , -0.0003 , -0.0003 , 0.0363
        4.510 , 0.0708 , 0.0089 , 0.2005
        4.515 , 0.0000 , 0.0000 , 0.0278
        4.520 , 0.0000 , 0.0000 , 0.0501
        4.525 , 0.0000 , 0.0000 , 0.0391
        4.530 , 0.5841 , 0.0775 , 2.4366
        4.535 , 0.3619 , 0.0470 , 2.2025
        4.540 , 0.0000 , 0.0000 , 0.0278
        4.545 , 1.1621 , 0.1520 , 2.6423
        4.550 , 0.3638 , 0.0470 , 2.2456
        4.555 , 0.0000 , 0.0000 , 0.0360
        4.560 , 0.1395 , 0.0162 , 0.2164
        4.565 , 0.0000 , 0.0000 , 0.0278
        4.570 , 0.0000 , 0.0000 , 0.0497
        4.575 , -0.0003 , -0.0003 , 0.0397
        4.580 , 0.0000 , 0.0000 , 0.0369
        4.585 , 0.0000 , -0.0003 , 0.0931
        4.590 , 0.0000 , 0.0000 , 0.0281
        4.595 , 0.4935 , 0.0610 , 0.6476
        4.600 , 0.5506 , 0.0668 , 3.3580
        4.605 , -0.0003 , -0.0003 , 0.0357
        4.610 , 0.1361 , 0.0162 , 0.2145
        4.615 , 0.4254 , 0.0549 , 2.6063
        4.620 , 0.0000 , 0.0000 , 0.0491
        4.625 , -0.0003 , -0.0003 , 0.0397
        4.630 , 0.0000 , 0.0000 , 0.0357
        4.635 , 0.0000 , 0.0000 , 0.0531
        4.640 , 0.0000 , -0.0003 , 0.0278
        4.645 , 0.0000 , -0.0003 , 0.0507
        4.650 , 0.7288 , 0.0916 , 4.0321
        4.655 , -0.0003 , -0.0003 , 0.0354
        4.660 , 0.0000 , 0.0000 , 0.0534
        4.665 , 1.0181 , 0.1288 , 6.0796
        4.670 , 0.0000 , 0.0000 , 0.0491
        4.675 , 0.0003 , 0.0000 , 0.0406
        4.680 , 0.2179 , 0.0272 , 1.3504
        4.685 , -0.0003 , -0.0003 , 0.0528
        4.690 , 0.0003 , 0.0000 , 0.0281
        4.695 , 0.0000 , 0.0000 , 0.0494
        4.700 , 0.7270 , 0.0888 , 3.9323
        4.705 , 0.0000 , -0.0003 , 0.0351
        4.710 , 0.0000 , 0.0000 , 0.0534
        4.715 , 1.4515 , 0.1801 , 8.6200
        4.720 , -0.0003 , -0.0003 , 0.0488
        4.725 , 0.0000 , -0.0003 , 0.0403
        4.730 , 0.8689 , 0.1074 , 5.2278
        4.735 , 0.0000 , 0.0000 , 0.0531
        4.740 , 0.0000 , 0.0000 , 0.0281
        4.745 , 0.0690 , 0.0089 , 0.4819
        4.750 , 0.6531 , 0.0790 , 3.7977
        4.755 , 0.0000 , 0.0000 , 0.0348
        4.760 , 0.0003 , 0.0003 , 0.0537
        4.765 , 1.4505 , 0.1755 , 8.5510
        4.770 , 0.0000 , 0.0000 , 0.0485
        4.775 , 0.0000 , 0.0000 , 0.0406
        4.780 , 1.4484 , 0.1749 , 8.6264
        4.785 , 0.0000 , 0.0000 , 0.0534
        4.790 , 0.0000 , -0.0003 , 0.0278
        4.795 , 0.6708 , 0.0784 , 3.9717
        4.800 , 0.2176 , 0.0259 , 1.3132
        4.805 , 0.0000 , 0.0000 , 0.0348
        4.810 , 0.0000 , 0.0000 , 0.0534
        4.815 , 1.0150 , 0.1218 , 5.9798
        4.820 , 0.0653 , 0.0079 , 0.4688
        4.825 , 0.0000 , 0.0000 , 0.0409
        4.830 , 1.4475 , 0.1740 , 7.7197
        4.835 , 0.1370 , 0.0162 , 0.9049
        4.840 , 0.0000 , 0.0000 , 0.0278
        4.845 , 1.2830 , 0.1511 , 3.4770
        4.850 , 0.0000 , -0.0003 , 0.0409
        4.855 , 0.0000 , -0.0003 , 0.0342
        4.860 , 0.2762 , 0.0311 , 0.3452
        4.865 , 0.3619 , 0.0436 , 2.1848
        4.870 , 0.0717 , 0.0073 , 0.2396
        4.875 , 0.0000 , 0.0000 , 0.0415
        4.880 , 1.1570 , 0.1395 , 6.0878
        4.885 , 0.2173 , 0.0238 , 1.0413
        4.890 , 0.0000 , -0.0003 , 0.0278
        4.895 , 1.2793 , 0.1511 , 3.4727
        4.900 , 0.0000 , 0.0000 , 0.0418
        4.905 , 0.0000 , 0.0000 , 0.0342
        4.910 , 0.2734 , 0.0302 , 0.3751
        4.915 , -0.0003 , -0.0003 , 0.0278
        4.920 , 0.0000 , 0.0000 , 0.0479
        4.925 , 0.0000 , 0.0000 , 0.0415
        4.930 , 0.5774 , 0.0693 , 2.6402
        4.935 , 0.3476 , 0.0388 , 2.2120
        4.940 , -0.0003 , -0.0003 , 0.0278
        4.945 , 1.1426 , 0.1349 , 3.0616
        4.950 , 0.4321 , 0.0497 , 2.2965
        4.955 , 0.0003 , 0.0003 , 0.0342
        4.960 , 0.2847 , 0.0342 , 0.3470
        4.965 , 0.0000 , 0.0000 , 0.0275
        4.970 , 0.0000 , -0.0003 , 0.0476
        4.975 , 0.0000 , -0.0003 , 0.0418
        4.980 , 0.0000 , 0.0000 , 0.0339
        4.985 , 0.0000 , 0.0000 , 0.0748
        4.990 , 0.0000 , -0.0003 , 0.0278
        4.995 , 0.3558 , 0.0415 , 0.6964
        5.000 , 0.5072 , 0.0592 , 2.7934
