        0.002 , -1.3465 , -0.1318 , 5.1158
        0.004 , -1.3465 , -0.1325 , 5.1122
        0.006 , -1.3465 , -0.1321 , 5.1079
        0.008 , -1.3462 , -0.1321 , 5.1039
        0.010 , -1.3465 , -0.1318 , 5.0993
        0.012 , -1.3462 , -0.1318 , 5.0963
        0.014 , -1.3462 , -0.1321 , 5.0932
        0.016 , -1.3465 , -0.1318 , 5.0893
        0.018 , -1.3465 , -0.1328 , 5.0844
        0.020 , -1.3462 , -0.1321 , 5.0822
        0.022 , -1.3462 , -0.1318 , 5.0780
        0.024 , -1.3465 , -0.1325 , 5.0743
        0.026 , -1.3459 , -0.1321 , 5.0719
        0.028 , 0.8777 , 0.3931 , 4.2674
        0.030 , 0.9143 , 0.4013 , 4.1838
        0.032 , 0.9134 , 0.4016 , 4.1609
        0.034 , 0.9137 , 0.4010 , 4.1484
        0.036 , 0.9137 , 0.4016 , 4.1414
        0.038 , 0.9137 , 0.4013 , 4.1362
        0.040 , 0.9137 , 0.4010 , 4.1328
        0.042 , 0.9137 , 0.4016 , 4.1298
        0.044 , 0.9140 , 0.4013 , 4.1267
        0.046 , 0.9137 , 0.4010 , 4.1237
        0.048 , 0.9137 , 0.4013 , 4.1224
        0.050 , 0.9134 , 0.4013 , 4.1200
        0.052 , 0.9134 , 0.4010 , 4.1182
        0.054 , 0.9134 , 0.4013 , 4.1163
        0.056 , 0.9137 , 0.4013 , 4.1148
        0.058 , 0.9134 , 0.4016 , 4.1139
        0.060 , 0.9134 , 0.4013 , 4.1127
        0.062 , 0.9140 , 0.4013 , 4.1111
        0.064 , 0.9134 , 0.4013 , 4.1102
        0.066 , 0.9134 , 0.4013 , 4.1093
        0.068 , 0.9131 , 0.4010 , 4.1069
        0.070 , 0.9131 , 0.4010 , 4.1063
        0.072 , 0.9134 , 0.4010 , 4.1060
        0.074 , 0.9131 , 0.4013 , 4.1044
        0.076 , 0.9134 , 0.4013 , 4.1041
        0.078 , 0.9140 , 0.4016 , 4.1029
        0.080 , 0.9137 , 0.4010 , 4.1020
        0.082 , 0.9137 , 0.4016 , 4.1014
        0.084 , 0.9134 , 0.4010 , 4.1011
        0.086 , 0.9137 , 0.4016 , 4.0992
        0.088 , 0.9134 , 0.4010 , 4.0992
        0.090 , 0.9137 , 0.4010 , 4.0989
        0.092 , 0.9134 , 0.4013 , 4.0980
        0.094 , 0.9128 , 0.4010 , 4.0968
        0.096 , 0.9137 , 0.4013 , 4.0962
        0.098 , 0.9134 , 0.4013 , 4.0968
        0.100 , 0.9131 , 0.4013 , 4.0956
        0.102 , 0.9134 , 0.4013 , 4.0944
        0.104 , 0.9134 , 0.4013 , 4.0938
        0.106 , 0.9134 , 0.4013 , 4.0941
        0.108 , 0.9140 , 0.4013 , 4.0928
        0.110 , 0.9140 , 0.4013 , 4.0931
        0.112 , 0.9134 , 0.4016 , 4.0913
        0.114 , 0.9131 , 0.4010 , 4.0907
        0.116 , 0.9131 , 0.4007 , 4.0913
        0.118 , 0.9134 , 0.4007 , 4.0898
        0.120 , 0.9137 , 0.4016 , 4.0892
        0.122 , 0.9137 , 0.4010 , 4.0892
        0.124 , 0.9137 , 0.4013 , 4.0889
        0.126 , 0.9134 , 0.4013 , 4.0889
        0.128 , -0.0003 , -0.0003 , 0.0656
        0.130 , -0.5518 , 1.7191 , 1.8638
        0.132 , -0.5515 , 1.7188 , 1.8314
        0.134 , -0.5512 , 1.7194 , 1.8210
        0.136 , -0.5515 , 1.7185 , 1.8146
        0.138 , -0.5509 , 1.7197 , 1.8097
        0.140 , -0.5506 , 1.7197 , 1.8067
        0.142 , -0.5506 , 1.7194 , 1.8043
        0.144 , -0.5506 , 1.7194 , 1.8012
        0.146 , -0.5502 , 1.7191 , 1.7988
        0.148 , -0.5506 , 1.7188 , 1.7966
        0.150 , -0.5506 , 1.7188 , 1.7948
        0.152 , -0.5506 , 1.7191 , 1.7930
        0.154 , -0.5499 , 1.7197 , 1.7920
        0.156 , -0.5502 , 1.7188 , 1.7899
        0.158 , -0.5506 , 1.7188 , 1.7887
        0.160 , -0.5499 , 1.7200 , 1.7872
        0.162 , -0.5499 , 1.7194 , 1.7856
        0.164 , -0.5502 , 1.7197 , 1.7841
        0.166 , -0.5502 , 1.7191 , 1.7832
        0.168 , -0.5502 , 1.7185 , 1.7823
        0.170 , -0.5502 , 1.7191 , 1.7804
        0.172 , -0.5499 , 1.7188 , 1.7792
        0.174 , -0.5499 , 1.7194 , 1.7780
        0.176 , -0.5499 , 1.7188 , 1.7768
        0.178 , -0.5499 , 1.7191 , 1.7753
        0.180 , -0.5502 , 1.7197 , 1.7743
        0.182 , -0.5499 , 1.7188 , 1.7734
        0.184 , -0.5502 , 1.7188 , 1.7722
        0.186 , -0.5502 , 1.7194 , 1.7707
        0.188 , -0.5502 , 1.7191 , 1.7695
        0.190 , -0.5502 , 1.7191 , 1.7679
        0.192 , -0.5502 , 1.7191 , 1.7670
        0.194 , -0.5502 , 1.7188 , 1.7658
        0.196 , -0.5499 , 1.7200 , 1.7643
        0.198 , -0.5502 , 1.7188 , 1.7624
        0.200 , -0.5493 , 1.7200 , 1.7627
        0.202 , -0.5502 , 1.7194 , 1.7594
        0.204 , -0.5506 , 1.7197 , 1.7573
        0.206 , -0.5499 , 1.7191 , 1.7554
        0.208 , -0.5506 , 1.7179 , 1.7524
        0.210 , -0.3296 , 1.0315 , 1.0526
        0.212 , -0.0003 , -0.0003 , 0.0000
        0.214 , -0.0003 , -0.0003 , 0.0000
        0.216 , 0.0000 , -0.0003 , 0.0006
        0.218 , -0.0006 , -0.0006 , 0.0000
        0.220 , 0.0006 , 0.0000 , 0.0006
        0.222 , -0.0003 , -0.0003 , 0.0000
        0.224 , -0.0003 , -0.0003 , 0.0006
        0.226 , -0.0003 , -0.0003 , 0.0000
        0.228 , -1.1866 , 0.2402 , 4.7597
        0.230 , -1.3468 , -0.1325 , 5.3771
        0.232 , -1.3468 , -0.1325 , 5.3386
        0.234 , -1.3468 , -0.1325 , 5.3197
        0.236 , -1.3465 , -0.1321 , 5.3041
        0.238 , -1.3471 , -0.1331 , 5.2910
        0.240 , -1.3465 , -0.1321 , 5.2806
        0.242 , -1.3468 , -0.1328 , 5.2727
        0.244 , -1.3456 , -0.1318 , 5.2641
        0.246 , -1.3465 , -0.1321 , 5.2553
        0.248 , -1.3465 , -0.1321 , 5.2470
        0.250 , -1.3465 , -0.1321 , 5.2406
        0.252 , -1.3465 , -0.1318 , 5.2351
        0.254 , -1.3462 , -0.1325 , 5.2278
        0.256 , -1.3465 , -0.1321 , 5.2211
        0.258 , -1.3465 , -0.1321 , 5.2159
        0.260 , -1.3468 , -0.1321 , 5.2095
        0.262 , -1.3462 , -0.1321 , 5.2052
        0.264 , -1.3462 , -0.1321 , 5.1997
        0.266 , -1.3462 , -0.1321 , 5.1936
        0.268 , -1.3462 , -0.1318 , 5.1897
        0.270 , -1.3462 , -0.1315 , 5.1851
        0.272 , -1.3468 , -0.1321 , 5.1787
        0.274 , -1.3465 , -0.1321 , 5.1750
        0.276 , -1.3462 , -0.1318 , 5.1708
        0.278 , -1.3471 , -0.1325 , 5.1656
        0.280 , -1.3462 , -0.1318 , 5.1610
        0.282 , -1.3465 , -0.1321 , 5.1561
        0.284 , -1.3468 , -0.1325 , 5.1527
        0.286 , -1.3462 , -0.1325 , 5.1479
        0.288 , -1.3465 , -0.1325 , 5.1439
        0.290 , -1.3465 , -0.1321 , 5.1396
        0.292 , -1.3462 , -0.1321 , 5.1353
        0.294 , -1.3462 , -0.1321 , 5.1326
        0.296 , -1.3468 , -0.1325 , 5.1271
        0.298 , -1.3459 , -0.1321 , 5.1234
        0.300 , -1.3462 , -0.1325 , 5.1195
        0.302 , -1.3465 , -0.1315 , 5.1149
        0.304 , -1.3468 , -0.1325 , 5.1115
        0.306 , -1.3462 , -0.1321 , 5.1082
        0.308 , -1.3462 , -0.1325 , 5.1039
        0.310 , -1.3462 , -0.1321 , 5.0993
        0.312 , -1.3462 , -0.1318 , 5.0966
        0.314 , -1.3462 , -0.1325 , 5.0923
        0.316 , -1.3462 , -0.1318 , 5.0893
        0.318 , -1.3459 , -0.1321 , 5.0859
        0.320 , -1.3462 , -0.1318 , 5.0813
        0.322 , -1.3462 , -0.1325 , 5.0783
        0.324 , -1.3465 , -0.1325 , 5.0743
        0.326 , -1.3462 , -0.1318 , 5.0703
        0.328 , 0.3598 , 0.2698 , 4.4627
        0.330 , 0.9146 , 0.4016 , 4.1859
        0.332 , 0.9143 , 0.4019 , 4.1612
        0.334 , 0.9134 , 0.4010 , 4.1490
        0.336 , 0.9134 , 0.4016 , 4.1414
        0.338 , 0.9143 , 0.4016 , 4.1374
        0.340 , 0.9134 , 0.4013 , 4.1328
        0.342 , 0.9137 , 0.4013 , 4.1298
        0.344 , 0.9128 , 0.4010 , 4.1258
        0.346 , 0.9140 , 0.4019 , 4.1249
        0.348 , 0.9134 , 0.4007 , 4.1218
        0.350 , 0.9137 , 0.4016 , 4.1200
        0.352 , 0.9137 , 0.4013 , 4.1179
        0.354 , 0.9134 , 0.4010 , 4.1160
        0.356 , 0.9140 , 0.4016 , 4.1145
        0.358 , 0.9131 , 0.4010 , 4.1136
        0.360 , 0.9131 , 0.4010 , 4.1115
        0.362 , 0.9134 , 0.4013 , 4.1105
        0.364 , 0.9137 , 0.4010 , 4.1099
        0.366 , 0.9134 , 0.4010 , 4.1087
        0.368 , 0.9137 , 0.4016 , 4.1078
        0.370 , 0.9137 , 0.4016 , 4.1060
        0.372 , 0.9131 , 0.4007 , 4.1050
        0.374 , 0.9137 , 0.4013 , 4.1047
        0.376 , 0.9137 , 0.4013 , 4.1038
        0.378 , 0.9134 , 0.4016 , 4.1023
        0.380 , 0.9134 , 0.4019 , 4.1017
        0.382 , 0.9134 , 0.4016 , 4.1011
        0.384 , 0.9131 , 0.4013 , 4.1011
        0.386 , 0.9140 , 0.4016 , 4.0992
        0.388 , 0.9137 , 0.4013 , 4.0983
        0.390 , 0.9128 , 0.4004 , 4.0968
        0.392 , 0.9140 , 0.4019 , 4.0971
        0.394 , 0.9131 , 0.4007 , 4.0953
        0.396 , 0.9137 , 0.4016 , 4.0959
        0.398 , 0.9143 , 0.4013 , 4.0956
        0.400 , 0.9134 , 0.4007 , 4.0953
        0.402 , 0.9134 , 0.4013 , 4.0934
        0.404 , 0.9137 , 0.4016 , 4.0934
        0.406 , 0.9128 , 0.4010 , 4.0934
        0.408 , 0.9131 , 0.4013 , 4.0916
        0.410 , 0.9131 , 0.4010 , 4.0919
        0.412 , 0.9131 , 0.4007 , 4.0904
        0.414 , 0.9143 , 0.4019 , 4.0910
        0.416 , 0.9137 , 0.4013 , 4.0907
        0.418 , 0.9134 , 0.4013 , 4.0901
        0.420 , 0.9140 , 0.4013 , 4.0886
        0.422 , 0.9134 , 0.4013 , 4.0883
        0.424 , 0.9131 , 0.4010 , 4.0889
        0.426 , 0.9131 , 0.4004 , 4.0873
        0.428 , 0.3653 , 0.1596 , 1.2943
        0.430 , -0.5515 , 1.7197 , 1.8674
        0.432 , -0.5512 , 1.7191 , 1.8317
        0.434 , -0.5512 , 1.7197 , 1.8210
        0.436 , -0.5509 , 1.7197 , 1.8146
        0.438 , -0.5509 , 1.7197 , 1.8104
        0.440 , -0.5502 , 1.7191 , 1.8070
        0.442 , -0.5509 , 1.7188 , 1.8036
        0.444 , -0.5502 , 1.7197 , 1.8012
        0.446 , -0.5509 , 1.7191 , 1.7988
        0.448 , -0.5506 , 1.7191 , 1.7969
        0.450 , -0.5506 , 1.7191 , 1.7951
        0.452 , -0.5502 , 1.7194 , 1.7933
        0.454 , -0.5502 , 1.7194 , 1.7911
        0.456 , -0.5502 , 1.7185 , 1.7899
        0.458 , -0.5502 , 1.7188 , 1.7881
        0.460 , -0.5499 , 1.7191 , 1.7869
        0.462 , -0.5499 , 1.7191 , 1.7850
        0.464 , -0.5506 , 1.7194 , 1.7841
        0.466 , -0.5502 , 1.7194 , 1.7832
        0.468 , -0.5506 , 1.7191 , 1.7820
        0.470 , -0.5499 , 1.7185 , 1.7804
        0.472 , -0.5502 , 1.7191 , 1.7783
        0.474 , -0.5499 , 1.7185 , 1.7780
        0.476 , -0.5502 , 1.7191 , 1.7765
        0.478 , -0.5496 , 1.7194 , 1.7759
        0.480 , -0.5502 , 1.7182 , 1.7743
        0.482 , -0.5506 , 1.7185 , 1.7725
        0.484 , -0.5493 , 1.7194 , 1.7722
        0.486 , -0.5493 , 1.7194 , 1.7704
        0.488 , -0.5506 , 1.7194 , 1.7689
        0.490 , -0.5506 , 1.7185 , 1.7679
        0.492 , -0.5502 , 1.7188 , 1.7670
        0.494 , -0.5502 , 1.7191 , 1.7655
        0.496 , -0.5502 , 1.7197 , 1.7640
        0.498 , -0.5496 , 1.7197 , 1.7627
        0.500 , -0.5499 , 1.7194 , 1.7618
        0.502 , -0.5490 , 1.7197 , 1.7603
        0.504 , -0.5499 , 1.7197 , 1.7585
        0.506 , -0.5499 , 1.7188 , 1.7554
        0.508 , -0.5496 , 1.7188 , 1.7536
        0.510 , -0.0003 , -0.0003 , 0.0000
        0.512 , -0.0003 , -0.0003 , 0.0000
        0.514 , -0.0003 , -0.0003 , 0.0000
        0.516 , -0.0003 , -0.0003 , 0.0000
        0.518 , 0.0000 , -0.0003 , 0.0003
        0.520 , -0.0003 , -0.0003 , 0.0000
        0.522 , -0.0003 , -0.0003 , 0.0006
        0.524 , -0.0003 , -0.0003 , 0.0003
        0.526 , -0.5512 , 1.7191 , 1.8656
        0.528 , -1.0208 , 0.6207 , 4.0297
        0.530 , -1.3468 , -0.1318 , 5.3798
        0.532 , -1.3468 , -0.1328 , 5.3398
        0.534 , -1.3465 , -0.1325 , 5.3179
        0.536 , -1.3468 , -0.1321 , 5.3032
        0.538 , -1.3462 , -0.1318 , 5.2907
        0.540 , -1.3462 , -0.1321 , 5.2794
        0.542 , -1.3459 , -0.1318 , 5.2712
        0.544 , -1.3462 , -0.1318 , 5.2617
        0.546 , -1.3462 , -0.1318 , 5.2541
        0.548 , -1.3468 , -0.1321 , 5.2455
        0.550 , -1.3465 , -0.1325 , 5.2388
        0.552 , -1.3462 , -0.1325 , 5.2321
        0.554 , -1.3468 , -0.1321 , 5.2257
        0.556 , -1.3462 , -0.1321 , 5.2193
        0.558 , -1.3471 , -0.1331 , 5.2120
        0.560 , -1.3462 , -0.1321 , 5.2083
        0.562 , -1.3462 , -0.1318 , 5.2025
        0.564 , -1.3462 , -0.1321 , 5.1976
        0.566 , -1.3462 , -0.1321 , 5.1915
        0.568 , -1.3462 , -0.1318 , 5.1875
        0.570 , -1.3462 , -0.1315 , 5.1830
        0.572 , -1.3462 , -0.1318 , 5.1765
        0.574 , -1.3465 , -0.1328 , 5.1711
        0.576 , -1.3468 , -0.1321 , 5.1671
        0.578 , -1.3465 , -0.1325 , 5.1625
        0.580 , -1.3456 , -0.1318 , 5.1592
        0.582 , -1.3465 , -0.1321 , 5.1543
        0.584 , -1.3468 , -0.1325 , 5.1494
        0.586 , -1.3462 , -0.1318 , 5.1466
        0.588 , -1.3465 , -0.1321 , 5.1415
        0.590 , -1.3462 , -0.1315 , 5.1375
        0.592 , -1.3462 , -0.1318 , 5.1329
        0.594 , -1.3465 , -0.1325 , 5.1277
        0.596 , -1.3465 , -0.1321 , 5.1253
        0.598 , -1.3462 , -0.1321 , 5.1207
        0.600 , -1.3462 , -0.1318 , 5.1167
        0.602 , -1.3462 , -0.1318 , 5.1119
        0.604 , -1.3459 , -0.1321 , 5.1091
        0.606 , -1.3468 , -0.1321 , 5.1054
        0.608 , -1.3462 , -0.1321 , 5.1018
        0.610 , -1.3462 , -0.1321 , 5.0975
        0.612 , -1.3459 , -0.1321 , 5.0935
        0.614 , -1.3462 , -0.1318 , 5.0908
        0.616 , -1.3459 , -0.1318 , 5.0868
        0.618 , -1.3462 , -0.1315 , 5.0826
        0.620 , -1.3462 , -0.1325 , 5.0792
        0.622 , -1.3462 , -0.1318 , 5.0758
        0.624 , -1.3459 , -0.1318 , 5.0719
        0.626 , -1.3462 , -0.1321 , 5.0682
        0.628 , -0.2615 , 0.1230 , 4.8601
        0.630 , 0.9143 , 0.4013 , 4.1877
        0.632 , 0.9140 , 0.4013 , 4.1618
        0.634 , 0.9143 , 0.4019 , 4.1499
        0.636 , 0.9137 , 0.4016 , 4.1411
        0.638 , 0.9143 , 0.4013 , 4.1368
        0.640 , 0.9137 , 0.4010 , 4.1325
        0.642 , 0.9131 , 0.4010 , 4.1295
        0.644 , 0.9137 , 0.4013 , 4.1261
        0.646 , 0.9134 , 0.4013 , 4.1231
        0.648 , 0.9140 , 0.4016 , 4.1212
        0.650 , 0.9134 , 0.4010 , 4.1197
        0.652 , 0.9137 , 0.4016 , 4.1179
        0.654 , 0.9131 , 0.4010 , 4.1151
        0.656 , 0.9137 , 0.4016 , 4.1145
        0.658 , 0.9134 , 0.4016 , 4.1136
        0.660 , 0.9128 , 0.4007 , 4.1099
        0.662 , 0.9134 , 0.4010 , 4.1096
        0.664 , 0.9140 , 0.4016 , 4.1099
        0.666 , 0.9134 , 0.4010 , 4.1087
        0.668 , 0.9137 , 0.4013 , 4.1069
        0.670 , 0.9137 , 0.4010 , 4.1057
        0.672 , 0.9137 , 0.4013 , 4.1050
        0.674 , 0.9137 , 0.4013 , 4.1044
        0.676 , 0.9131 , 0.4010 , 4.1032
        0.678 , 0.9140 , 0.4010 , 4.1017
        0.680 , 0.9125 , 0.4013 , 4.1005
        0.682 , 0.9140 , 0.4022 , 4.1011
        0.684 , 0.9131 , 0.4013 , 4.1002
        0.686 , 0.9134 , 0.4016 , 4.0980
        0.688 , 0.9134 , 0.4010 , 4.0980
        0.690 , 0.9143 , 0.4025 , 4.0980
        0.692 , 0.9134 , 0.4016 , 4.0965
        0.694 , 0.9137 , 0.4016 , 4.0956
        0.696 , 0.9134 , 0.4007 , 4.0953
        0.698 , 0.9131 , 0.4007 , 4.0950
        0.700 , 0.9131 , 0.4013 , 4.0941
        0.702 , 0.9131 , 0.4010 , 4.0934
        0.704 , 0.9140 , 0.4013 , 4.0922
        0.706 , 0.9134 , 0.4016 , 4.0922
        0.708 , 0.9134 , 0.4010 , 4.0922
        0.710 , 0.9137 , 0.4013 , 4.0913
        0.712 , 0.9134 , 0.4007 , 4.0898
        0.714 , 0.9137 , 0.4013 , 4.0901
        0.716 , 0.9128 , 0.4001 , 4.0892
        0.718 , 0.9131 , 0.4010 , 4.0889
        0.720 , 0.9134 , 0.4013 , 4.0880
        0.722 , 0.9137 , 0.4010 , 4.0873
        0.724 , 0.9134 , 0.4013 , 4.0870
        0.726 , 0.9134 , 0.4013 , 4.0873
        0.728 , 0.5493 , 0.2417 , 2.4531
        0.730 , -0.5521 , 1.7191 , 1.8741
        0.732 , -0.5515 , 1.7188 , 1.8336
        0.734 , -0.5506 , 1.7191 , 1.8220
        0.736 , -0.5512 , 1.7197 , 1.8149
        0.738 , -0.5509 , 1.7191 , 1.8107
        0.740 , -0.5509 , 1.7185 , 1.8070
        0.742 , -0.5509 , 1.7188 , 1.8046
        0.744 , -0.5506 , 1.7194 , 1.8012
        0.746 , -0.5506 , 1.7194 , 1.7988
        0.748 , -0.5512 , 1.7188 , 1.7969
        0.750 , -0.5502 , 1.7188 , 1.7957
        0.752 , -0.5506 , 1.7191 , 1.7930
        0.754 , -0.5506 , 1.7194 , 1.7917
        0.756 , -0.5502 , 1.7188 , 1.7899
        0.758 , -0.5502 , 1.7185 , 1.7884
        0.760 , -0.5490 , 1.7197 , 1.7881
        0.762 , -0.5502 , 1.7194 , 1.7853
        0.764 , -0.5502 , 1.7185 , 1.7847
        0.766 , -0.5502 , 1.7188 , 1.7835
        0.768 , -0.5506 , 1.7194 , 1.7817
        0.770 , -0.5496 , 1.7203 , 1.7798
        0.772 , -0.5506 , 1.7191 , 1.7789
        0.774 , -0.5496 , 1.7188 , 1.7783
        0.776 , -0.5502 , 1.7188 , 1.7771
        0.778 , -0.5506 , 1.7188 , 1.7753
        0.780 , -0.5499 , 1.7191 , 1.7743
        0.782 , -0.5502 , 1.7188 , 1.7734
        0.784 , -0.5502 , 1.7185 , 1.7725
        0.786 , -0.5502 , 1.7188 , 1.7710
        0.788 , -0.5502 , 1.7197 , 1.7695
        0.790 , -0.5502 , 1.7191 , 1.7682
        0.792 , -0.5502 , 1.7188 , 1.7670
        0.794 , -0.5496 , 1.7194 , 1.7658
        0.796 , -0.5502 , 1.7194 , 1.7643
        0.798 , -0.5502 , 1.7185 , 1.7631
        0.800 , -0.5499 , 1.7188 , 1.7621
        0.802 , -0.5502 , 1.7185 , 1.7597
        0.804 , -0.5502 , 1.7194 , 1.7585
        0.806 , -0.5502 , 1.7188 , 1.7560
        0.808 , -0.5499 , 1.7185 , 1.7539
        0.810 , -0.3302 , 1.0312 , 1.0514
        0.812 , 0.0006 , 0.0000 , 0.0000
        0.814 , -0.0003 , -0.0003 , 0.0000
        0.816 , 0.0000 , -0.0003 , 0.0000
        0.818 , 0.0000 , -0.0003 , 0.0000
        0.820 , -0.0003 , -0.0003 , 0.0000
        0.822 , -0.0003 , -0.0003 , 0.0000
        0.824 , -0.0003 , -0.0003 , 0.0003
        0.826 , -0.1364 , 0.3333 , 0.3748
        0.828 , -0.8460 , 1.0211 , 3.2868
        0.830 , -1.3465 , -0.1328 , 5.3841
        0.832 , -1.3465 , -0.1328 , 5.3410
        0.834 , -1.3462 , -0.1325 , 5.3197
        0.836 , -1.3465 , -0.1321 , 5.3038
        0.838 , -1.3465 , -0.1325 , 5.2904
        0.840 , -1.3471 , -0.1328 , 5.2791
        0.842 , -1.3465 , -0.1321 , 5.2705
        0.844 , -1.3462 , -0.1325 , 5.2608
        0.846 , -1.3465 , -0.1321 , 5.2535
        0.848 , -1.3468 , -0.1328 , 5.2452
        0.850 , -1.3471 , -0.1325 , 5.2376
        0.852 , -1.3468 , -0.1321 , 5.2312
        0.854 , -1.3462 , -0.1321 , 5.2260
        0.856 , -1.3465 , -0.1318 , 5.2208
        0.858 , -1.3465 , -0.1325 , 5.2135
        0.860 , -1.3468 , -0.1325 , 5.2074
        0.862 , -1.3468 , -0.1325 , 5.2025
        0.864 , -1.3465 , -0.1325 , 5.1976
        0.866 , -1.3453 , -0.1309 , 5.1924
        0.868 , -1.3468 , -0.1321 , 5.1872
        0.870 , -1.3465 , -0.1321 , 5.1817
        0.872 , -1.3462 , -0.1321 , 5.1769
        0.874 , -1.3462 , -0.1321 , 5.1720
        0.876 , -1.3465 , -0.1325 , 5.1659
        0.878 , -1.3465 , -0.1318 , 5.1622
        0.880 , -1.3465 , -0.1325 , 5.1582
        0.882 , -1.3462 , -0.1325 , 5.1540
        0.884 , -1.3462 , -0.1318 , 5.1491
        0.886 , -1.3462 , -0.1321 , 5.1457
        0.888 , -1.3465 , -0.1321 , 5.1415
        0.890 , -1.3459 , -0.1321 , 5.1375
        0.892 , -1.3465 , -0.1325 , 5.1323
        0.894 , -1.3462 , -0.1325 , 5.1283
        0.896 , -1.3468 , -0.1325 , 5.1241
        0.898 , -1.3459 , -0.1318 , 5.1204
        0.900 , -1.3465 , -0.1321 , 5.1158
        0.902 , -1.3462 , -0.1321 , 5.1125
        0.904 , -1.3465 , -0.1321 , 5.1082
        0.906 , -1.3465 , -0.1325 , 5.1042
        0.908 , -1.3462 , -0.1321 , 5.1009
        0.910 , -1.3462 , -0.1321 , 5.0966
        0.912 , -1.3468 , -0.1328 , 5.0911
        0.914 , -1.3462 , -0.1321 , 5.0896
        0.916 , -1.3459 , -0.1315 , 5.0859
        0.918 , -1.3465 , -0.1321 , 5.0819
        0.920 , -1.3468 , -0.1328 , 5.0768
        0.922 , -1.3459 , -0.1318 , 5.0758
        0.924 , -1.3462 , -0.1321 , 5.0716
        0.926 , -1.3462 , -0.1318 , 5.0679
        0.928 , -0.8884 , -0.0232 , 5.1482
        0.930 , 0.9137 , 0.4016 , 4.1899
        0.932 , 0.9137 , 0.4016 , 4.1621
        0.934 , 0.9134 , 0.4016 , 4.1490
        0.936 , 0.9134 , 0.4010 , 4.1408
        0.938 , 0.9131 , 0.4010 , 4.1365
        0.940 , 0.9137 , 0.4019 , 4.1328
        0.942 , 0.9131 , 0.4007 , 4.1282
        0.944 , 0.9134 , 0.4013 , 4.1249
        0.946 , 0.9140 , 0.4013 , 4.1231
        0.948 , 0.9131 , 0.4013 , 4.1212
        0.950 , 0.9134 , 0.4013 , 4.1188
        0.952 , 0.9134 , 0.4010 , 4.1163
        0.954 , 0.9137 , 0.4013 , 4.1148
        0.956 , 0.9143 , 0.4019 , 4.1145
        0.958 , 0.9137 , 0.4013 , 4.1130
        0.960 , 0.9131 , 0.4010 , 4.1099
        0.962 , 0.9137 , 0.4010 , 4.1096
        0.964 , 0.9140 , 0.4010 , 4.1090
        0.966 , 0.9134 , 0.4013 , 4.1081
        0.968 , 0.9131 , 0.4016 , 4.1060
        0.970 , 0.9134 , 0.4013 , 4.1041
        0.972 , 0.9134 , 0.4013 , 4.1041
        0.974 , 0.9137 , 0.4013 , 4.1041
        0.976 , 0.9137 , 0.4013 , 4.1035
        0.978 , 0.9137 , 0.4013 , 4.1011
        0.980 , 0.9137 , 0.4016 , 4.1008
        0.982 , 0.9134 , 0.4010 , 4.0999
        0.984 , 0.9134 , 0.4010 , 4.0996
        0.986 , 0.9137 , 0.4013 , 4.0983
        0.988 , 0.9140 , 0.4013 , 4.0977
        0.990 , 0.9131 , 0.4004 , 4.0971
        0.992 , 0.9137 , 0.4016 , 4.0965
        0.994 , 0.9143 , 0.4016 , 4.0956
        0.996 , 0.9137 , 0.4010 , 4.0947
        0.998 , 0.9131 , 0.4010 , 4.0938
        1.000 , 0.9140 , 0.4013 , 4.0938
        1.002 , 0.9131 , 0.4013 , 4.0934
        1.004 , 0.9143 , 0.4019 , 4.0928
        1.006 , 0.9134 , 0.4013 , 4.0922
        1.008 , 0.9134 , 0.4013 , 4.0916
        1.010 , 0.9134 , 0.4013 , 4.0910
        1.012 , 0.9134 , 0.4013 , 4.0904
        1.014 , 0.9137 , 0.4016 , 4.0898
        1.016 , 0.9131 , 0.4013 , 4.0898
        1.018 , 0.9134 , 0.4013 , 4.0886
        1.020 , 0.9128 , 0.4001 , 4.0870
        1.022 , 0.9128 , 0.4007 , 4.0870
        1.024 , 0.9137 , 0.4013 , 4.0880
        1.026 , 0.9131 , 0.4007 , 4.0870
        1.028 , 0.7303 , 0.3211 , 3.2694
        1.030 , -0.5756 , 1.7127 , 1.8799
        1.032 , -0.5512 , 1.7191 , 1.8351
        1.034 , -0.5512 , 1.7185 , 1.8220
        1.036 , -0.5509 , 1.7200 , 1.8155
        1.038 , -0.5509 , 1.7188 , 1.8110
        1.040 , -0.5509 , 1.7191 , 1.8073
        1.042 , -0.5506 , 1.7194 , 1.8046
        1.044 , -0.5506 , 1.7197 , 1.8012
        1.046 , -0.5506 , 1.7197 , 1.7991
        1.048 , -0.5499 , 1.7194 , 1.7975
        1.050 , -0.5506 , 1.7188 , 1.7951
        1.052 , -0.5509 , 1.7194 , 1.7936
        1.054 , -0.5506 , 1.7191 , 1.7914
        1.056 , -0.5506 , 1.7191 , 1.7899
        1.058 , -0.5506 , 1.7191 , 1.7884
        1.060 , -0.5502 , 1.7197 , 1.7869
        1.062 , -0.5502 , 1.7200 , 1.7853
        1.064 , -0.5502 , 1.7182 , 1.7841
        1.066 , -0.5496 , 1.7191 , 1.7832
        1.068 , -0.5506 , 1.7188 , 1.7817
        1.070 , -0.5502 , 1.7197 , 1.7804
        1.072 , -0.5499 , 1.7191 , 1.7792
        1.074 , -0.5502 , 1.7191 , 1.7777
        1.076 , -0.5506 , 1.7191 , 1.7774
        1.078 , -0.5506 , 1.7188 , 1.7750
        1.080 , -0.5499 , 1.7188 , 1.7750
        1.082 , -0.5502 , 1.7188 , 1.7734
        1.084 , -0.5506 , 1.7191 , 1.7719
        1.086 , -0.5502 , 1.7188 , 1.7707
        1.088 , -0.5502 , 1.7191 , 1.7695
        1.090 , -0.5496 , 1.7200 , 1.7695
        1.092 , -0.5502 , 1.7188 , 1.7670
        1.094 , -0.5502 , 1.7191 , 1.7658
        1.096 , -0.5496 , 1.7194 , 1.7643
        1.098 , -0.5493 , 1.7200 , 1.7640
        1.100 , -0.5499 , 1.7191 , 1.7618
        1.102 , -0.5502 , 1.7194 , 1.7600
        1.104 , -0.5499 , 1.7191 , 1.7579
        1.106 , -0.5499 , 1.7191 , 1.7563
        1.108 , -0.5502 , 1.7188 , 1.7536
        1.110 , -0.5502 , 1.7188 , 1.7487
        1.112 , 0.0003 , 0.0000 , 0.0003
        1.114 , -0.0003 , -0.0003 , 0.0009
        1.116 , -0.0003 , -0.0003 , 0.0009
        1.118 , -0.0003 , -0.0003 , 0.0003
        1.120 , -0.0003 , -0.0003 , 0.0000
        1.122 , 0.0000 , -0.0003 , 0.0000
        1.124 , -0.0003 , -0.0003 , 0.0009
        1.126 , 0.0000 , -0.0003 , 0.0003
        1.128 , -0.6223 , 1.5452 , 2.3637
        1.130 , -1.3465 , -0.1325 , 5.3865
        1.132 , -1.3468 , -0.1325 , 5.3420
        1.134 , -1.3471 , -0.1325 , 5.3175
        1.136 , -1.3465 , -0.1321 , 5.3041
        1.138 , -1.3465 , -0.1318 , 5.2901
        1.140 , -1.3468 , -0.1321 , 5.2788
        1.142 , -1.3471 , -0.1325 , 5.2699
        1.144 , -1.3471 , -0.1328 , 5.2605
        1.146 , -1.3459 , -0.1315 , 5.2532
        1.148 , -1.3462 , -0.1321 , 5.2449
        1.150 , -1.3465 , -0.1321 , 5.2379
        1.152 , -1.3468 , -0.1321 , 5.2309
        1.154 , -1.3468 , -0.1321 , 5.2245
        1.156 , -1.3465 , -0.1321 , 5.2187
        1.158 , -1.3471 , -0.1325 , 5.2123
        1.160 , -1.3465 , -0.1318 , 5.2071
        1.162 , -1.3462 , -0.1325 , 5.2013
        1.164 , -1.3462 , -0.1318 , 5.1964
        1.166 , -1.3468 , -0.1325 , 5.1912
        1.168 , -1.3465 , -0.1325 , 5.1851
        1.170 , -1.3459 , -0.1318 , 5.1817
        1.172 , -1.3465 , -0.1321 , 5.1759
        1.174 , -1.3459 , -0.1318 , 5.1714
        1.176 , -1.3462 , -0.1321 , 5.1665
        1.178 , -1.3468 , -0.1325 , 5.1616
        1.180 , -1.3465 , -0.1318 , 5.1576
        1.182 , -1.3462 , -0.1321 , 5.1534
        1.184 , -1.3465 , -0.1321 , 5.1479
        1.186 , -1.3462 , -0.1325 , 5.1433
        1.188 , -1.3465 , -0.1321 , 5.1411
        1.190 , -1.3462 , -0.1325 , 5.1363
        1.192 , -1.3462 , -0.1318 , 5.1317
        1.194 , -1.3468 , -0.1321 , 5.1277
        1.196 , -1.3465 , -0.1321 , 5.1225
        1.198 , -1.3462 , -0.1318 , 5.1189
        1.200 , -1.3462 , -0.1325 , 5.1158
        1.202 , -1.3462 , -0.1321 , 5.1106
        1.204 , -1.3465 , -0.1325 , 5.1064
        1.206 , -1.3462 , -0.1321 , 5.1036
        1.208 , -1.3459 , -0.1315 , 5.1006
        1.210 , -1.3465 , -0.1318 , 5.0960
        1.212 , -1.3465 , -0.1318 , 5.0917
        1.214 , -1.3462 , -0.1325 , 5.0880
        1.216 , -1.3465 , -0.1325 , 5.0847
        1.218 , -1.3462 , -0.1321 , 5.0810
        1.220 , -1.3465 , -0.1325 , 5.0777
        1.222 , -1.3462 , -0.1321 , 5.0752
        1.224 , -1.3462 , -0.1318 , 5.0713
        1.226 , -1.3465 , -0.1321 , 5.0667
        1.228 , -1.3456 , -0.1312 , 5.0636
        1.230 , 0.9143 , 0.4013 , 4.1920
        1.232 , 0.9137 , 0.4016 , 4.1639
        1.234 , 0.9140 , 0.4013 , 4.1496
        1.236 , 0.9134 , 0.4016 , 4.1404
        1.238 , 0.9137 , 0.4016 , 4.1359
        1.240 , 0.9134 , 0.4013 , 4.1316
        1.242 , 0.9140 , 0.4010 , 4.1282
        1.244 , 0.9137 , 0.4016 , 4.1243
        1.246 , 0.9128 , 0.4010 , 4.1218
        1.248 , 0.9137 , 0.4013 , 4.1212
        1.250 , 0.9128 , 0.4007 , 4.1185
        1.252 , 0.9140 , 0.4016 , 4.1173
        1.254 , 0.9149 , 0.4016 , 4.1154
        1.256 , 0.9137 , 0.4010 , 4.1133
        1.258 , 0.9134 , 0.4010 , 4.1121
        1.260 , 0.9137 , 0.4013 , 4.1108
        1.262 , 0.9137 , 0.4013 , 4.1093
        1.264 , 0.9137 , 0.4013 , 4.1075
        1.266 , 0.9131 , 0.4013 , 4.1075
        1.268 , 0.9134 , 0.4013 , 4.1063
        1.270 , 0.9137 , 0.4019 , 4.1044
        1.272 , 0.9128 , 0.4007 , 4.1032
        1.274 , 0.9140 , 0.4019 , 4.1032
        1.276 , 0.9128 , 0.4010 , 4.1008
        1.278 , 0.9137 , 0.4013 , 4.1005
        1.280 , 0.9134 , 0.4013 , 4.1002
        1.282 , 0.9131 , 0.4007 , 4.0996
        1.284 , 0.9128 , 0.4010 , 4.0992
        1.286 , 0.9143 , 0.4019 , 4.0983
        1.288 , 0.9128 , 0.4016 , 4.0968
        1.290 , 0.9134 , 0.4010 , 4.0965
        1.292 , 0.9131 , 0.4010 , 4.0959
        1.294 , 0.9140 , 0.4010 , 4.0950
        1.296 , 0.9137 , 0.4016 , 4.0941
        1.298 , 0.9137 , 0.4013 , 4.0934
        1.300 , 0.9134 , 0.4013 , 4.0931
        1.302 , 0.9134 , 0.4010 , 4.0928
        1.304 , 0.9137 , 0.4016 , 4.0910
        1.306 , 0.9137 , 0.4016 , 4.0913
        1.308 , 0.9131 , 0.4010 , 4.0904
        1.310 , 0.9134 , 0.4010 , 4.0901
        1.312 , 0.9140 , 0.4016 , 4.0901
        1.314 , 0.9134 , 0.4013 , 4.0895
        1.316 , 0.9134 , 0.4013 , 4.0892
        1.318 , 0.9131 , 0.4013 , 4.0883
        1.320 , 0.9131 , 0.4013 , 4.0867
        1.322 , 0.9128 , 0.4007 , 4.0861
        1.324 , 0.9131 , 0.4013 , 4.0867
        1.326 , 0.9137 , 0.4016 , 4.0864
        1.328 , 0.9134 , 0.4013 , 4.0852
        1.330 , -0.4779 , 1.3593 , 1.5030
        1.332 , -0.5518 , 1.7188 , 1.8366
        1.334 , -0.5512 , 1.7191 , 1.8232
        1.336 , -0.5521 , 1.7185 , 1.8152
        1.338 , -0.5512 , 1.7194 , 1.8113
        1.340 , -0.5506 , 1.7194 , 1.8076
        1.342 , -0.5506 , 1.7191 , 1.8049
        1.344 , -0.5506 , 1.7197 , 1.8018
        1.346 , -0.5509 , 1.7191 , 1.7997
        1.348 , -0.5509 , 1.7188 , 1.7972
        1.350 , -0.5506 , 1.7197 , 1.7957
        1.352 , -0.5506 , 1.7185 , 1.7930
        1.354 , -0.5502 , 1.7200 , 1.7917
        1.356 , -0.5499 , 1.7194 , 1.7902
        1.358 , -0.5506 , 1.7188 , 1.7890
        1.360 , -0.5502 , 1.7194 , 1.7872
        1.362 , -0.5506 , 1.7194 , 1.7859
        1.364 , -0.5502 , 1.7185 , 1.7847
        1.366 , -0.5502 , 1.7188 , 1.7832
        1.368 , -0.5499 , 1.7194 , 1.7820
        1.370 , -0.5502 , 1.7197 , 1.7811
        1.372 , -0.5499 , 1.7194 , 1.7798
        1.374 , -0.5496 , 1.7197 , 1.7792
        1.376 , -0.5506 , 1.7185 , 1.7771
        1.378 , -0.5502 , 1.7188 , 1.7756
        1.380 , -0.5499 , 1.7188 , 1.7743
        1.382 , -0.5502 , 1.7182 , 1.7734
        1.384 , -0.5499 , 1.7191 , 1.7722
        1.386 , -0.5496 , 1.7194 , 1.7713
        1.388 , -0.5499 , 1.7194 , 1.7695
        1.390 , -0.5502 , 1.7185 , 1.7682
        1.392 , -0.5496 , 1.7188 , 1.7670
        1.394 , -0.5499 , 1.7194 , 1.7658
        1.396 , -0.5502 , 1.7191 , 1.7646
        1.398 , -0.5506 , 1.7176 , 1.7634
        1.400 , -0.5499 , 1.7191 , 1.7618
        1.402 , -0.5499 , 1.7191 , 1.7600
        1.404 , -0.5499 , 1.7194 , 1.7579
        1.406 , -0.5502 , 1.7185 , 1.7560
        1.408 , -0.5496 , 1.7188 , 1.7545
        1.410 , -0.5502 , 1.7185 , 1.7515
        1.412 , 0.0000 , 0.0000 , 0.0006
        1.414 , -0.0003 , -0.0003 , 0.0003
        1.416 , -0.0003 , -0.0003 , 0.0000
        1.418 , -0.0003 , -0.0003 , 0.0000
        1.420 , 0.0000 , -0.0003 , 0.0006
        1.422 , 0.0003 , 0.0000 , 0.0000
        1.424 , -0.0003 , -0.0003 , 0.0009
        1.426 , -0.0003 , 0.0000 , 0.0000
        1.428 , -0.6522 , 1.7035 , 1.8479
        1.430 , -1.3468 , -0.1325 , 5.3902
        1.432 , -1.3462 , -0.1321 , 5.3432
        1.434 , -1.3462 , -0.1321 , 5.3188
        1.436 , -1.3465 , -0.1321 , 5.3011
        1.438 , -1.3465 , -0.1321 , 5.2898
        1.440 , -1.3465 , -0.1321 , 5.2788
        1.442 , -1.3468 , -0.1325 , 5.2687
        1.444 , -1.3465 , -0.1318 , 5.2599
        1.446 , -1.3459 , -0.1315 , 5.2528
        1.448 , -1.3459 , -0.1318 , 5.2446
        1.450 , -1.3462 , -0.1325 , 5.2373
        1.452 , -1.3462 , -0.1321 , 5.2300
        1.454 , -1.3468 , -0.1321 , 5.2245
        1.456 , -1.3465 , -0.1321 , 5.2187
        1.458 , -1.3465 , -0.1321 , 5.2123
        1.460 , -1.3462 , -0.1321 , 5.2062
        1.462 , -1.3468 , -0.1321 , 5.1997
        1.464 , -1.3465 , -0.1321 , 5.1961
        1.466 , -1.3462 , -0.1321 , 5.1906
        1.468 , -1.3462 , -0.1318 , 5.1854
        1.470 , -1.3465 , -0.1318 , 5.1790
        1.472 , -1.3462 , -0.1321 , 5.1756
        1.474 , -1.3459 , -0.1321 , 5.1714
        1.476 , -1.3462 , -0.1321 , 5.1659
        1.478 , -1.3462 , -0.1318 , 5.1613
        1.480 , -1.3465 , -0.1325 , 5.1555
        1.482 , -1.3465 , -0.1321 , 5.1527
        1.484 , -1.3465 , -0.1318 , 5.1482
        1.486 , -1.3465 , -0.1325 , 5.1433
        1.488 , -1.3462 , -0.1325 , 5.1399
        1.490 , -1.3462 , -0.1321 , 5.1357
        1.492 , -1.3462 , -0.1321 , 5.1314
        1.494 , -1.3468 , -0.1325 , 5.1265
        1.496 , -1.3465 , -0.1321 , 5.1238
        1.498 , -1.3465 , -0.1321 , 5.1192
        1.500 , -1.3465 , -0.1328 , 5.1152
        1.502 , -1.3462 , -0.1318 , 5.1106
        1.504 , -1.3459 , -0.1315 , 5.1079
        1.506 , -1.3465 , -0.1321 , 5.1039
        1.508 , -1.3465 , -0.1321 , 5.1003
        1.510 , -1.3459 , -0.1318 , 5.0960
        1.512 , -1.3462 , -0.1321 , 5.0908
        1.514 , -1.3462 , -0.1321 , 5.0874
        1.516 , -1.3459 , -0.1325 , 5.0847
        1.518 , -1.3462 , -0.1321 , 5.0810
        1.520 , -1.3462 , -0.1321 , 5.0768
        1.522 , -1.3462 , -0.1318 , 5.0731
        1.524 , -1.3462 , -0.1321 , 5.0707
        1.526 , -1.3456 , -0.1315 , 5.0673
        1.528 , -1.3465 , -0.1325 , 5.0627
        1.530 , 0.9140 , 0.4013 , 4.1957
        1.532 , 0.9131 , 0.4010 , 4.1643
        1.534 , 0.9140 , 0.4022 , 4.1508
        1.536 , 0.9140 , 0.4016 , 4.1423
        1.538 , 0.9134 , 0.4013 , 4.1350
        1.540 , 0.9131 , 0.4010 , 4.1319
        1.542 , 0.9134 , 0.4013 , 4.1282
        1.544 , 0.9134 , 0.4007 , 4.1246
        1.546 , 0.9140 , 0.4016 , 4.1227
        1.548 , 0.9131 , 0.4013 , 4.1200
        1.550 , 0.9131 , 0.4013 , 4.1179
        1.552 , 0.9143 , 0.4022 , 4.1182
        1.554 , 0.9134 , 0.4010 , 4.1148
        1.556 , 0.9137 , 0.4016 , 4.1124
        1.558 , 0.9137 , 0.4013 , 4.1121
        1.560 , 0.9137 , 0.4016 , 4.1102
        1.562 , 0.9140 , 0.4010 , 4.1084
        1.564 , 0.9131 , 0.4013 , 4.1075
        1.566 , 0.9134 , 0.4010 , 4.1075
        1.568 , 0.9137 , 0.4016 , 4.1063
        1.570 , 0.9137 , 0.4013 , 4.1044
        1.572 , 0.9137 , 0.4010 , 4.1035
        1.574 , 0.9131 , 0.4010 , 4.1029
        1.576 , 0.9134 , 0.4019 , 4.1023
        1.578 , 0.9134 , 0.4013 , 4.1005
        1.580 , 0.9137 , 0.4013 , 4.1002
        1.582 , 0.9134 , 0.4013 , 4.0989
        1.584 , 0.9134 , 0.4013 , 4.0992
        1.586 , 0.9134 , 0.4007 , 4.0977
        1.588 , 0.9134 , 0.4013 , 4.0965
        1.590 , 0.9134 , 0.4013 , 4.0962
        1.592 , 0.9131 , 0.4013 , 4.0959
        1.594 , 0.9131 , 0.4013 , 4.0950
        1.596 , 0.9131 , 0.4013 , 4.0947
        1.598 , 0.9143 , 0.4019 , 4.0941
        1.600 , 0.9134 , 0.4013 , 4.0928
        1.602 , 0.9134 , 0.4004 , 4.0925
        1.604 , 0.9137 , 0.4013 , 4.0916
        1.606 , 0.9137 , 0.4022 , 4.0913
        1.608 , 0.9131 , 0.4010 , 4.0907
        1.610 , 0.9134 , 0.4013 , 4.0907
        1.612 , 0.9134 , 0.4013 , 4.0898
        1.614 , 0.9137 , 0.4016 , 4.0898
        1.616 , 0.9137 , 0.4013 , 4.0889
        1.618 , 0.9131 , 0.4007 , 4.0876
        1.620 , 0.9128 , 0.4010 , 4.0873
        1.622 , 0.9134 , 0.4013 , 4.0864
        1.624 , 0.9128 , 0.4007 , 4.0858
        1.626 , 0.9131 , 0.4010 , 4.0858
        1.628 , 0.9131 , 0.4010 , 4.0855
        1.630 , -0.6842 , 1.0147 , 0.9940
        1.632 , -0.5515 , 1.7188 , 1.8381
        1.634 , -0.5515 , 1.7197 , 1.8235
        1.636 , -0.5512 , 1.7191 , 1.8162
        1.638 , -0.5502 , 1.7200 , 1.8119
        1.640 , -0.5509 , 1.7188 , 1.8073
        1.642 , -0.5512 , 1.7188 , 1.8046
        1.644 , -0.5506 , 1.7191 , 1.8018
        1.646 , -0.5506 , 1.7194 , 1.7991
        1.648 , -0.5509 , 1.7191 , 1.7978
        1.650 , -0.5502 , 1.7185 , 1.7951
        1.652 , -0.5509 , 1.7188 , 1.7939
        1.654 , -0.5502 , 1.7194 , 1.7924
        1.656 , -0.5502 , 1.7191 , 1.7902
        1.658 , -0.5499 , 1.7191 , 1.7893
        1.660 , -0.5496 , 1.7197 , 1.7878
        1.662 , -0.5502 , 1.7194 , 1.7859
        1.664 , -0.5506 , 1.7188 , 1.7847
        1.666 , -0.5499 , 1.7194 , 1.7838
        1.668 , -0.5502 , 1.7191 , 1.7817
        1.670 , -0.5502 , 1.7191 , 1.7804
        1.672 , -0.5496 , 1.7191 , 1.7795
        1.674 , -0.5502 , 1.7188 , 1.7786
        1.676 , -0.5509 , 1.7188 , 1.7768
        1.678 , -0.5502 , 1.7188 , 1.7759
        1.680 , -0.5499 , 1.7191 , 1.7747
        1.682 , -0.5502 , 1.7188 , 1.7737
        1.684 , -0.5509 , 1.7188 , 1.7722
        1.686 , -0.5506 , 1.7185 , 1.7710
        1.688 , -0.5502 , 1.7188 , 1.7692
        1.690 , -0.5499 , 1.7191 , 1.7692
        1.692 , -0.5499 , 1.7188 , 1.7673
        1.694 , -0.5509 , 1.7182 , 1.7649
        1.696 , -0.5502 , 1.7182 , 1.7643
        1.698 , -0.5499 , 1.7194 , 1.7637
        1.700 , -0.5502 , 1.7188 , 1.7618
        1.702 , -0.5499 , 1.7191 , 1.7606
        1.704 , -0.5496 , 1.7188 , 1.7579
        1.706 , -0.5502 , 1.7185 , 1.7560
        1.708 , -0.5499 , 1.7185 , 1.7542
        1.710 , -0.2197 , 0.6876 , 0.7642
        1.712 , 0.0000 , -0.0003 , 0.0000
        1.714 , -0.0003 , -0.0003 , 0.0000
        1.716 , 0.0000 , 0.0000 , 0.0000
        1.718 , -0.0003 , -0.0003 , 0.0003
        1.720 , -0.0003 , -0.0003 , 0.0000
        1.722 , -0.0003 , -0.0003 , 0.0009
        1.724 , -0.0003 , -0.0003 , 0.0003
        1.726 , -0.1111 , 0.3433 , 0.3772
        1.728 , -0.5509 , 1.7191 , 1.8278
        1.730 , -1.3468 , -0.1328 , 5.3957
        1.732 , -1.3468 , -0.1321 , 5.3447
        1.734 , -1.3468 , -0.1321 , 5.3194
        1.736 , -1.3468 , -0.1321 , 5.3032
        1.738 , -1.3468 , -0.1325 , 5.2904
        1.740 , -1.3465 , -0.1325 , 5.2788
        1.742 , -1.3462 , -0.1318 , 5.2690
        1.744 , -1.3462 , -0.1321 , 5.2593
        1.746 , -1.3468 , -0.1328 , 5.2525
        1.748 , -1.3465 , -0.1315 , 5.2440
        1.750 , -1.3468 , -0.1328 , 5.2358
        1.752 , -1.3462 , -0.1321 , 5.2309
        1.754 , -1.3462 , -0.1318 , 5.2242
        1.756 , -1.3465 , -0.1321 , 5.2177
        1.758 , -1.3462 , -0.1321 , 5.2120
        1.760 , -1.3459 , -0.1321 , 5.2062
        1.762 , -1.3462 , -0.1318 , 5.2010
        1.764 , -1.3468 , -0.1325 , 5.1952
        1.766 , -1.3459 , -0.1315 , 5.1897
        1.768 , -1.3459 , -0.1318 , 5.1851
        1.770 , -1.3468 , -0.1325 , 5.1787
        1.772 , -1.3468 , -0.1325 , 5.1753
        1.774 , -1.3465 , -0.1325 , 5.1704
        1.776 , -1.3465 , -0.1325 , 5.1653
        1.778 , -1.3465 , -0.1318 , 5.1607
        1.780 , -1.3459 , -0.1321 , 5.1561
        1.782 , -1.3462 , -0.1321 , 5.1521
        1.784 , -1.3462 , -0.1321 , 5.1476
        1.786 , -1.3468 , -0.1328 , 5.1415
        1.788 , -1.3465 , -0.1321 , 5.1372
        1.790 , -1.3462 , -0.1315 , 5.1347
        1.792 , -1.3468 , -0.1325 , 5.1302
        1.794 , -1.3462 , -0.1321 , 5.1256
        1.796 , -1.3462 , -0.1321 , 5.1216
        1.798 , -1.3459 , -0.1315 , 5.1176
        1.800 , -1.3459 , -0.1318 , 5.1149
        1.802 , -1.3468 , -0.1325 , 5.1094
        1.804 , -1.3462 , -0.1321 , 5.1067
        1.806 , -1.3465 , -0.1325 , 5.1033
        1.808 , -1.3465 , -0.1321 , 5.0984
        1.810 , -1.3465 , -0.1318 , 5.0945
        1.812 , -1.3462 , -0.1318 , 5.0908
        1.814 , -1.3459 , -0.1321 , 5.0877
        1.816 , -1.3462 , -0.1321 , 5.0838
        1.818 , -1.3459 , -0.1315 , 5.0807
        1.820 , -1.3462 , -0.1318 , 5.0758
        1.822 , -1.3459 , -0.1321 , 5.0731
        1.824 , -1.3462 , -0.1318 , 5.0691
        1.826 , -1.3462 , -0.1321 , 5.0649
        1.828 , -1.3465 , -0.1325 , 5.0615
        1.830 , 0.9137 , 0.4010 , 4.1981
        1.832 , 0.9131 , 0.4010 , 4.1646
        1.834 , 0.9137 , 0.4013 , 4.1502
        1.836 , 0.9137 , 0.4013 , 4.1414
        1.838 , 0.9140 , 0.4013 , 4.1350
        1.840 , 0.9134 , 0.4007 , 4.1301
        1.842 , 0.9131 , 0.4016 , 4.1279
        1.844 , 0.9137 , 0.4007 , 4.1243
        1.846 , 0.9134 , 0.4010 , 4.1215
        1.848 , 0.9131 , 0.4013 , 4.1194
        1.850 , 0.9137 , 0.4013 , 4.1179
        1.852 , 0.9131 , 0.4013 , 4.1163
        1.854 , 0.9134 , 0.4013 , 4.1136
        1.856 , 0.9134 , 0.4016 , 4.1127
        1.858 , 0.9134 , 0.4010 , 4.1111
        1.860 , 0.9131 , 0.4010 , 4.1096
        1.862 , 0.9137 , 0.4013 , 4.1084
        1.864 , 0.9134 , 0.4010 , 4.1063
        1.866 , 0.9134 , 0.4013 , 4.1063
        1.868 , 0.9134 , 0.4007 , 4.1057
        1.870 , 0.9134 , 0.4010 , 4.1035
        1.872 , 0.9137 , 0.4016 , 4.1032
        1.874 , 0.9131 , 0.4010 , 4.1014
        1.876 , 0.9128 , 0.4007 , 4.1005
        1.878 , 0.9140 , 0.4016 , 4.1002
        1.880 , 0.9137 , 0.4010 , 4.0983
        1.882 , 0.9134 , 0.4010 , 4.0983
        1.884 , 0.9137 , 0.4016 , 4.0977
        1.886 , 0.9131 , 0.4013 , 4.0977
        1.888 , 0.9140 , 0.4016 , 4.0962
        1.890 , 0.9134 , 0.4016 , 4.0956
        1.892 , 0.9131 , 0.4007 , 4.0947
        1.894 , 0.9134 , 0.4016 , 4.0938
        1.896 , 0.9128 , 0.4007 , 4.0931
        1.898 , 0.9131 , 0.4016 , 4.0931
        1.900 , 0.9131 , 0.4007 , 4.0919
        1.902 , 0.9134 , 0.4010 , 4.0910
        1.904 , 0.9128 , 0.4013 , 4.0910
        1.906 , 0.9131 , 0.4013 , 4.0901
        1.908 , 0.9143 , 0.4019 , 4.0904
        1.910 , 0.9134 , 0.4013 , 4.0889
        1.912 , 0.9131 , 0.4007 , 4.0886
        1.914 , 0.9128 , 0.4010 , 4.0883
        1.916 , 0.9131 , 0.4010 , 4.0876
        1.918 , 0.9137 , 0.4013 , 4.0870
        1.920 , 0.9137 , 0.4013 , 4.0867
        1.922 , 0.9134 , 0.4010 , 4.0861
        1.924 , 0.9131 , 0.4013 , 4.0852
        1.926 , 0.9131 , 0.4010 , 4.0852
        1.928 , 0.9131 , 0.4010 , 4.0840
        1.930 , -0.1108 , 0.3436 , 0.3806
        1.932 , -0.5512 , 1.7194 , 1.8403
        1.934 , -0.5512 , 1.7203 , 1.8244
        1.936 , -0.5512 , 1.7191 , 1.8165
        1.938 , -0.5515 , 1.7188 , 1.8116
        1.940 , -0.5499 , 1.7194 , 1.8091
        1.942 , -0.5509 , 1.7197 , 1.8049
        1.944 , -0.5512 , 1.7185 , 1.8018
        1.946 , -0.5502 , 1.7194 , 1.7997
        1.948 , -0.5506 , 1.7191 , 1.7975
        1.950 , -0.5506 , 1.7188 , 1.7954
        1.952 , -0.5509 , 1.7194 , 1.7939
        1.954 , -0.5509 , 1.7194 , 1.7917
        1.956 , -0.5502 , 1.7185 , 1.7905
        1.958 , -0.5496 , 1.7194 , 1.7896
        1.960 , -0.5502 , 1.7194 , 1.7872
        1.962 , -0.5506 , 1.7194 , 1.7859
        1.964 , -0.5506 , 1.7185 , 1.7844
        1.966 , -0.5506 , 1.7185 , 1.7826
        1.968 , -0.5499 , 1.7191 , 1.7817
        1.970 , -0.5506 , 1.7185 , 1.7808
        1.972 , -0.5502 , 1.7188 , 1.7798
        1.974 , -0.5499 , 1.7191 , 1.7783
        1.976 , -0.5502 , 1.7194 , 1.7768
        1.978 , -0.5499 , 1.7194 , 1.7759
        1.980 , -0.5499 , 1.7188 , 1.7750
        1.982 , -0.5493 , 1.7200 , 1.7740
        1.984 , -0.5496 , 1.7197 , 1.7725
        1.986 , -0.5499 , 1.7188 , 1.7707
        1.988 , -0.5496 , 1.7191 , 1.7695
        1.990 , -0.5499 , 1.7185 , 1.7685
        1.992 , -0.5493 , 1.7200 , 1.7679
        1.994 , -0.5502 , 1.7194 , 1.7655
        1.996 , -0.5506 , 1.7185 , 1.7643
        1.998 , -0.5506 , 1.7188 , 1.7624
        2.000 , -0.5502 , 1.7191 , 1.7615
