        0.002 , 0.9113 , 0.4016 , 4.0837
        0.004 , 0.9110 , 0.4004 , 4.0831
        0.006 , 0.9107 , 0.4007 , 4.0825
        0.008 , 0.9107 , 0.4013 , 4.0819
        0.010 , 0.9113 , 0.4016 , 4.0812
        0.012 , 0.9107 , 0.4013 , 4.0819
        0.014 , 0.9116 , 0.4007 , 4.0815
        0.016 , 0.9107 , 0.4007 , 4.0809
        0.018 , 0.9116 , 0.4013 , 4.0797
        0.020 , 0.9110 , 0.4010 , 4.0797
        0.022 , 0.9116 , 0.4016 , 4.0806
        0.024 , 0.9110 , 0.4013 , 4.0791
        0.026 , 0.9116 , 0.4013 , 4.0782
        0.028 , 0.9113 , 0.4010 , 4.0782
        0.030 , 0.9113 , 0.4016 , 4.0782
        0.032 , 0.9107 , 0.4007 , 4.0773
        0.034 , 0.9113 , 0.4013 , 4.0767
        0.036 , 0.9107 , 0.4007 , 4.0764
        0.038 , 0.9113 , 0.4013 , 4.0757
        0.040 , 0.9113 , 0.4013 , 4.0761
        0.042 , 0.9119 , 0.4013 , 4.0757
        0.044 , 0.9110 , 0.4010 , 4.0745
        0.046 , 0.9107 , 0.4007 , 4.0745
        0.048 , 0.9116 , 0.4013 , 4.0742
        0.050 , 0.9110 , 0.4010 , 4.0736
        0.052 , 0.9113 , 0.4016 , 4.0736
        0.054 , 0.9113 , 0.4007 , 4.0730
        0.056 , 0.9113 , 0.4016 , 4.0736
        0.058 , 0.9113 , 0.4013 , 4.0721
        0.060 , 0.9107 , 0.4010 , 4.0712
        0.062 , 0.9113 , 0.4004 , 4.0715
        0.064 , 0.9116 , 0.4013 , 4.0721
        0.066 , 0.9116 , 0.4013 , 4.0712
        0.068 , 0.9110 , 0.4010 , 4.0699
        0.070 , 0.9110 , 0.4013 , 4.0693
        0.072 , 0.9110 , 0.4013 , 4.0699
        0.074 , 0.9107 , 0.4013 , 4.0699
        0.076 , 0.9110 , 0.4010 , 4.0690
        0.078 , 0.9107 , 0.4004 , 4.0684
        0.080 , 0.9113 , 0.4010 , 4.0684
        0.082 , 0.9110 , 0.4010 , 4.0675
        0.084 , 0.9113 , 0.4010 , 4.0678
        0.086 , 0.9107 , 0.4013 , 4.0669
        0.088 , 0.9116 , 0.4010 , 4.0669
        0.090 , 0.9113 , 0.4019 , 4.0669
        0.092 , 0.9113 , 0.4010 , 4.0666
        0.094 , 0.9113 , 0.4010 , 4.0660
        0.096 , 0.9116 , 0.4013 , 4.0651
        0.098 , 0.9107 , 0.4007 , 4.0648
        0.100 , 0.9113 , 0.4010 , 4.0648
        0.102 , 0.9113 , 0.4007 , 4.0641
        0.104 , 0.9107 , 0.4007 , 4.0632
        0.106 , 0.9113 , 0.4010 , 4.0635
        0.108 , 0.9113 , 0.4013 , 4.0635
        0.110 , 0.9110 , 0.4013 , 4.0623
        0.112 , 0.9113 , 0.4013 , 4.0620
        0.114 , 0.9110 , 0.4010 , 4.0620
        0.116 , 0.9110 , 0.4010 , 4.0620
        0.118 , 0.9110 , 0.4010 , 4.0611
        0.120 , 0.9110 , 0.4007 , 4.0611
        0.122 , 0.9119 , 0.4016 , 4.0608
        0.124 , 0.9110 , 0.4013 , 4.0605
        0.126 , 0.9110 , 0.4007 , 4.0593
        0.128 , 0.9107 , 0.4004 , 4.0596
        0.130 , 0.9113 , 0.4007 , 4.0596
        0.132 , 0.9110 , 0.4010 , 4.0584
        0.134 , 0.9119 , 0.4022 , 4.0590
        0.136 , 0.9107 , 0.4007 , 4.0580
        0.138 , 0.9110 , 0.4013 , 4.0574
        0.140 , 0.9104 , 0.4001 , 4.0565
        0.142 , 0.9116 , 0.4019 , 4.0580
        0.144 , 0.9110 , 0.4010 , 4.0565
        0.146 , 0.9110 , 0.4010 , 4.0568
        0.148 , 0.9116 , 0.4010 , 4.0568
        0.150 , 0.9113 , 0.4016 , 4.0559
        0.152 , 0.9107 , 0.4007 , 4.0553
        0.154 , 0.9110 , 0.4010 , 4.0559
        0.156 , 0.9113 , 0.4010 , 4.0550
        0.158 , 0.9110 , 0.4010 , 4.0544
        0.160 , 0.9110 , 0.4016 , 4.0541
        0.162 , 0.9113 , 0.4010 , 4.0535
        0.164 , 0.9107 , 0.4001 , 4.0522
        0.166 , 0.9107 , 0.4010 , 4.0529
        0.168 , 0.9113 , 0.4007 , 4.0522
        0.170 , 0.9113 , 0.4013 , 4.0535
        0.172 , 0.9107 , 0.4013 , 4.0516
        0.174 , 0.9110 , 0.4013 , 4.0513
        0.176 , 0.9113 , 0.4013 , 4.0516
        0.178 , 0.9113 , 0.4013 , 4.0516
        0.180 , 0.9104 , 0.4007 , 4.0504
        0.182 , 0.9110 , 0.4016 , 4.0501
        0.184 , 0.9113 , 0.4007 , 4.0501
        0.186 , 0.9110 , 0.4007 , 4.0501
        0.188 , 0.9110 , 0.4007 , 4.0501
        0.190 , 0.9110 , 0.4010 , 4.0489
        0.192 , 0.9107 , 0.4007 , 4.0483
        0.194 , 0.9113 , 0.4007 , 4.0492
        0.196 , 0.9116 , 0.4016 , 4.0489
        0.198 , 0.9110 , 0.4004 , 4.0477
        0.200 , 0.9113 , 0.4010 , 4.0474
        0.202 , 0.9113 , 0.4013 , 4.0474
        0.204 , 0.9107 , 0.4010 , 4.0468
        0.206 , 0.9113 , 0.4010 , 4.0471
        0.208 , 0.9107 , 0.4010 , 4.0461
        0.210 , 0.9113 , 0.4013 , 4.0461
        0.212 , 0.9101 , 0.4007 , 4.0458
        0.214 , 0.9107 , 0.4007 , 4.0455
        0.216 , 0.9110 , 0.4010 , 4.0446
        0.218 , 0.9113 , 0.4010 , 4.0446
        0.220 , 0.9107 , 0.4013 , 4.0446
        0.222 , 0.9116 , 0.4007 , 4.0437
        0.224 , 0.9113 , 0.4007 , 4.0434
        0.226 , 0.9107 , 0.4007 , 4.0425
        0.228 , 0.9110 , 0.4004 , 4.0431
        0.230 , 0.9110 , 0.4007 , 4.0431
        0.232 , 0.9107 , 0.4004 , 4.0425
        0.234 , 0.9110 , 0.4007 , 4.0422
        0.236 , 0.9107 , 0.4007 , 4.0419
        0.238 , 0.9110 , 0.4004 , 4.0422
        0.240 , 0.9113 , 0.4007 , 4.0410
        0.242 , 0.9107 , 0.4013 , 4.0410
        0.244 , 0.9110 , 0.4007 , 4.0407
        0.246 , 0.9110 , 0.4007 , 4.0407
        0.248 , 0.9104 , 0.4004 , 4.0397
        0.250 , 0.9110 , 0.4010 , 4.0397
        0.252 , 0.9119 , 0.4022 , 4.0394
        0.254 , 0.9113 , 0.4007 , 4.0397
        0.256 , 0.9104 , 0.4007 , 4.0388
        0.258 , 0.9110 , 0.4007 , 4.0382
        0.260 , 0.9107 , 0.4001 , 4.0367
        0.262 , 0.9110 , 0.4013 , 4.0379
        0.264 , 0.9110 , 0.4010 , 4.0373
        0.266 , 0.9107 , 0.4013 , 4.0373
        0.268 , 0.9110 , 0.4007 , 4.0370
        0.270 , 0.9113 , 0.4007 , 4.0367
        0.272 , 0.9116 , 0.4010 , 4.0370
        0.274 , 0.9119 , 0.4016 , 4.0364
        0.276 , 0.9107 , 0.4010 , 4.0349
        0.278 , 0.9110 , 0.4010 , 4.0355
        0.280 , 0.9116 , 0.4010 , 4.0361
        0.282 , 0.9107 , 0.4007 , 4.0349
        0.284 , 0.9107 , 0.4010 , 4.0345
        0.286 , 0.9119 , 0.4016 , 4.0342
        0.288 , 0.9110 , 0.4010 , 4.0339
        0.290 , 0.9110 , 0.4007 , 4.0333
        0.292 , 0.9107 , 0.4004 , 4.0318
        0.294 , 0.9107 , 0.4007 , 4.0327
        0.296 , 0.9107 , 0.4010 , 4.0330
        0.298 , 0.9113 , 0.4010 , 4.0321
        0.300 , 0.9116 , 0.4010 , 4.0312
        0.302 , 0.9104 , 0.4007 , 4.0309
        0.304 , 0.9110 , 0.4013 , 4.0315
        0.306 , 0.9110 , 0.4010 , 4.0315
        0.308 , 0.9107 , 0.4007 , 4.0306
        0.310 , 0.9110 , 0.4007 , 4.0303
        0.312 , 0.9107 , 0.4013 , 4.0303
        0.314 , 0.9110 , 0.4010 , 4.0300
        0.316 , 0.9113 , 0.4010 , 4.0300
        0.318 , 0.9107 , 0.4010 , 4.0294
        0.320 , 0.9104 , 0.4004 , 4.0284
        0.322 , 0.9107 , 0.4013 , 4.0287
        0.324 , 0.9107 , 0.4010 , 4.0278
        0.326 , 0.9110 , 0.4010 , 4.0278
        0.328 , 0.9113 , 0.4010 , 4.0275
        0.330 , 0.9104 , 0.4007 , 4.0275
        0.332 , 0.9110 , 0.4004 , 4.0266
        0.334 , 0.9101 , 0.4007 , 4.0269
        0.336 , 0.9116 , 0.4013 , 4.0266
        0.338 , 0.9104 , 0.4004 , 4.0260
        0.340 , 0.9110 , 0.4010 , 4.0263
        0.342 , 0.9116 , 0.4013 , 4.0260
        0.344 , 0.9110 , 0.4007 , 4.0251
        0.346 , 0.9110 , 0.4010 , 4.0257
        0.348 , 0.9110 , 0.4013 , 4.0242
        0.350 , 0.9104 , 0.4007 , 4.0248
        0.352 , 0.9107 , 0.4010 , 4.0236
        0.354 , 0.9110 , 0.4007 , 4.0242
        0.356 , 0.9107 , 0.4013 , 4.0242
        0.358 , 0.9104 , 0.4001 , 4.0226
        0.360 , 0.9107 , 0.4007 , 4.0236
        0.362 , 0.9107 , 0.4007 , 4.0229
        0.364 , 0.9110 , 0.4010 , 4.0229
        0.366 , 0.9104 , 0.4004 , 4.0217
        0.368 , 0.9110 , 0.4010 , 4.0217
        0.370 , 0.9104 , 0.4007 , 4.0214
        0.372 , 0.9110 , 0.4007 , 4.0214
        0.374 , 0.9107 , 0.4007 , 4.0211
        0.376 , 0.9098 , 0.4007 , 4.0211
        0.378 , 0.9110 , 0.4010 , 4.0208
        0.380 , 0.9110 , 0.4013 , 4.0205
        0.382 , 0.9104 , 0.4004 , 4.0196
        0.384 , 0.9110 , 0.4007 , 4.0196
        0.386 , 0.9107 , 0.4007 , 4.0193
        0.388 , 0.9110 , 0.4010 , 4.0196
        0.390 , 0.9107 , 0.4010 , 4.0193
        0.392 , 0.9110 , 0.4013 , 4.0193
        0.394 , 0.9113 , 0.4013 , 4.0184
        0.396 , 0.9107 , 0.4004 , 4.0187
        0.398 , 0.9110 , 0.4010 , 4.0178
        0.400 , 0.9113 , 0.4016 , 4.0187
        0.402 , 0.9104 , 0.4010 , 4.0172
        0.404 , 0.9113 , 0.4010 , 4.0175
        0.406 , 0.9107 , 0.4007 , 4.0165
        0.408 , 0.9110 , 0.4007 , 4.0165
        0.410 , 0.9110 , 0.4010 , 4.0168
        0.412 , 0.9110 , 0.4010 , 4.0150
        0.414 , 0.9107 , 0.4010 , 4.0156
        0.416 , 0.9101 , 0.3998 , 4.0144
        0.418 , 0.9104 , 0.4010 , 4.0150
        0.420 , 0.9113 , 0.4010 , 4.0153
        0.422 , 0.9104 , 0.4010 , 4.0144
        0.424 , 0.9116 , 0.4019 , 4.0144
        0.426 , 0.9107 , 0.4010 , 4.0141
        0.428 , 0.9107 , 0.4007 , 4.0135
        0.430 , 0.9107 , 0.4001 , 4.0129
        0.432 , 0.9110 , 0.4007 , 4.0132
        0.434 , 0.9110 , 0.4013 , 4.0132
        0.436 , 0.9107 , 0.4010 , 4.0123
        0.438 , 0.9107 , 0.4010 , 4.0132
        0.440 , 0.9107 , 0.4004 , 4.0117
        0.442 , 0.9104 , 0.4007 , 4.0123
        0.444 , 0.9113 , 0.4016 , 4.0129
        0.446 , 0.9113 , 0.4013 , 4.0120
        0.448 , 0.9107 , 0.4004 , 4.0114
        0.450 , 0.9107 , 0.4004 , 4.0104
        0.452 , 0.9110 , 0.4007 , 4.0114
        0.454 , 0.9101 , 0.4007 , 4.0104
        0.456 , 0.9107 , 0.4007 , 4.0101
        0.458 , 0.9104 , 0.4004 , 4.0092
        0.460 , 0.9107 , 0.4007 , 4.0098
        0.462 , 0.9113 , 0.4010 , 4.0101
        0.464 , 0.9104 , 0.4007 , 4.0080
        0.466 , 0.9110 , 0.4010 , 4.0086
        0.468 , 0.9107 , 0.4004 , 4.0089
        0.470 , 0.9110 , 0.4016 , 4.0083
        0.472 , 0.9104 , 0.4004 , 4.0080
        0.474 , 0.9107 , 0.4004 , 4.0077
        0.476 , 0.9107 , 0.4004 , 4.0074
        0.478 , 0.9107 , 0.4004 , 4.0077
        0.480 , 0.9104 , 0.4007 , 4.0071
        0.482 , 0.9104 , 0.4010 , 4.0062
        0.484 , 0.9107 , 0.4004 , 4.0059
        0.486 , 0.9104 , 0.4010 , 4.0065
        0.488 , 0.9107 , 0.4007 , 4.0059
        0.490 , 0.9104 , 0.4007 , 4.0056
        0.492 , 0.9098 , 0.4004 , 4.0043
        0.494 , 0.9110 , 0.4013 , 4.0056
        0.496 , 0.9107 , 0.4007 , 4.0049
        0.498 , 0.9104 , 0.4010 , 4.0034
        0.500 , 0.9110 , 0.4007 , 4.0037
        0.502 , 0.9101 , 0.4004 , 4.0031
        0.504 , 0.9107 , 0.4007 , 4.0034
        0.506 , 0.9110 , 0.4010 , 4.0034
        0.508 , 0.9104 , 0.4004 , 4.0019
        0.510 , 0.9107 , 0.4007 , 4.0025
        0.512 , 0.9104 , 0.4007 , 4.0028
        0.514 , 0.9107 , 0.4010 , 4.0031
        0.516 , 0.9116 , 0.4013 , 4.0022
        0.518 , 0.9107 , 0.4010 , 4.0016
        0.520 , 0.9107 , 0.4007 , 4.0016
        0.522 , 0.9104 , 0.4004 , 4.0010
        0.524 , 0.9107 , 0.4010 , 4.0016
        0.526 , 0.9110 , 0.4004 , 4.0004
        0.528 , 0.9110 , 0.4010 , 4.0001
        0.530 , 0.9107 , 0.4004 , 4.0001
        0.532 , 0.9107 , 0.4010 , 4.0001
        0.534 , 0.9104 , 0.4010 , 3.9991
        0.536 , 0.9110 , 0.4013 , 3.9998
        0.538 , 0.9107 , 0.4010 , 3.9991
        0.540 , 0.9104 , 0.4004 , 3.9985
        0.542 , 0.9104 , 0.4007 , 3.9976
        0.544 , 0.9113 , 0.4007 , 3.9979
        0.546 , 0.9104 , 0.4010 , 3.9985
        0.548 , 0.9104 , 0.4010 , 3.9976
        0.550 , 0.9107 , 0.4007 , 3.9970
        0.552 , 0.9110 , 0.4010 , 3.9970
        0.554 , 0.9107 , 0.4007 , 3.9970
        0.556 , 0.9104 , 0.4007 , 3.9967
        0.558 , 0.9110 , 0.4013 , 3.9964
        0.560 , 0.9107 , 0.4007 , 3.9958
        0.562 , 0.9101 , 0.3998 , 3.9952
        0.564 , 0.9104 , 0.4007 , 3.9955
        0.566 , 0.9107 , 0.4007 , 3.9958
        0.568 , 0.9110 , 0.4004 , 3.9946
        0.570 , 0.9104 , 0.4010 , 3.9946
        0.572 , 0.9107 , 0.4004 , 3.9952
        0.574 , 0.9113 , 0.4010 , 3.9946
        0.576 , 0.9107 , 0.4004 , 3.9933
        0.578 , 0.9101 , 0.4004 , 3.9937
        0.580 , 0.9110 , 0.4007 , 3.9940
        0.582 , 0.9110 , 0.4007 , 3.9930
        0.584 , 0.9101 , 0.4007 , 3.9933
        0.586 , 0.9107 , 0.4010 , 3.9927
        0.588 , 0.9107 , 0.4004 , 3.9927
        0.590 , 0.9107 , 0.4007 , 3.9924
        0.592 , 0.9107 , 0.4007 , 3.9921
        0.594 , 0.9110 , 0.4004 , 3.9915
        0.596 , 0.9101 , 0.4004 , 3.9912
        0.598 , 0.9107 , 0.4004 , 3.9915
        0.600 , 0.9107 , 0.4004 , 3.9912
        0.602 , 0.9104 , 0.4010 , 3.9903
        0.604 , 0.9107 , 0.4010 , 3.9915
        0.606 , 0.9110 , 0.4004 , 3.9909
        0.608 , 0.9107 , 0.4004 , 3.9897
        0.610 , 0.9116 , 0.4016 , 3.9906
        0.612 , 0.9110 , 0.4010 , 3.9903
        0.614 , 0.9101 , 0.4004 , 3.9894
        0.616 , 0.9113 , 0.4004 , 3.9891
        0.618 , 0.9104 , 0.4007 , 3.9882
        0.620 , 0.9104 , 0.4013 , 3.9888
        0.622 , 0.9110 , 0.4007 , 3.9888
        0.624 , 0.9107 , 0.4007 , 3.9879
        0.626 , 0.9104 , 0.4004 , 3.9875
        0.628 , 0.9101 , 0.4007 , 3.9875
        0.630 , 0.9107 , 0.4004 , 3.9879
        0.632 , 0.9104 , 0.4004 , 3.9872
        0.634 , 0.9107 , 0.4007 , 3.9872
        0.636 , 0.9098 , 0.4004 , 3.9863
        0.638 , 0.9104 , 0.4010 , 3.9866
        0.640 , 0.9104 , 0.4007 , 3.9863
        0.642 , 0.9107 , 0.4004 , 3.9860
        0.644 , 0.9101 , 0.4007 , 3.9845
        0.646 , 0.9107 , 0.4010 , 3.9857
        0.648 , 0.9107 , 0.4007 , 3.9851
        0.650 , 0.9107 , 0.4007 , 3.9845
        0.652 , 0.9104 , 0.4004 , 3.9845
        0.654 , 0.9101 , 0.4007 , 3.9839
        0.656 , 0.9101 , 0.4004 , 3.9839
        0.658 , 0.9101 , 0.4001 , 3.9833
        0.660 , 0.9110 , 0.4016 , 3.9842
        0.662 , 0.9104 , 0.4007 , 3.9836
        0.664 , 0.9104 , 0.4007 , 3.9833
        0.666 , 0.9101 , 0.4007 , 3.9833
        0.668 , 0.9110 , 0.4010 , 3.9830
        0.670 , 0.9107 , 0.4007 , 3.9821
        0.672 , 0.9104 , 0.4010 , 3.9817
        0.674 , 0.9101 , 0.4004 , 3.9817
        0.676 , 0.9107 , 0.4010 , 3.9817
        0.678 , 0.9098 , 0.3998 , 3.9802
        0.680 , 0.9104 , 0.4007 , 3.9811
        0.682 , 0.9101 , 0.4004 , 3.9811
        0.684 , 0.9101 , 0.4004 , 3.9808
        0.686 , 0.9104 , 0.4004 , 3.9802
        0.688 , 0.9104 , 0.4004 , 3.9796
        0.690 , 0.9101 , 0.4004 , 3.9799
        0.692 , 0.9104 , 0.4004 , 3.9793
        0.694 , 0.9107 , 0.4010 , 3.9799
        0.696 , 0.9107 , 0.4007 , 3.9799
        0.698 , 0.9107 , 0.4004 , 3.9793
        0.700 , 0.9104 , 0.4007 , 3.9784
        0.702 , 0.9107 , 0.4004 , 3.9793
        0.704 , 0.9098 , 0.4010 , 3.9778
        0.706 , 0.9107 , 0.4010 , 3.9784
        0.708 , 0.9098 , 0.4001 , 3.9772
        0.710 , 0.9110 , 0.4007 , 3.9781
        0.712 , 0.9104 , 0.4007 , 3.9769
        0.714 , 0.9107 , 0.4007 , 3.9778
        0.716 , 0.9110 , 0.4004 , 3.9769
        0.718 , 0.9107 , 0.4007 , 3.9778
        0.720 , 0.9107 , 0.4007 , 3.9766
        0.722 , 0.9098 , 0.4001 , 3.9756
        0.724 , 0.9101 , 0.4004 , 3.9750
        0.726 , 0.9104 , 0.4004 , 3.9760
        0.728 , 0.9104 , 0.4007 , 3.9750
        0.730 , 0.9113 , 0.4010 , 3.9760
        0.732 , 0.9107 , 0.4004 , 3.9744
        0.734 , 0.9107 , 0.4004 , 3.9747
        0.736 , 0.9101 , 0.4004 , 3.9747
        0.738 , 0.9107 , 0.4010 , 3.9747
        0.740 , 0.9104 , 0.4004 , 3.9738
        0.742 , 0.9104 , 0.4007 , 3.9735
        0.744 , 0.9107 , 0.4007 , 3.9732
        0.746 , 0.9104 , 0.4007 , 3.9735
        0.748 , 0.9107 , 0.4004 , 3.9729
        0.750 , 0.9107 , 0.4007 , 3.9726
        0.752 , 0.9107 , 0.4007 , 3.9729
        0.754 , 0.9104 , 0.4007 , 3.9723
        0.756 , 0.9104 , 0.4004 , 3.9720
        0.758 , 0.9101 , 0.3998 , 3.9711
        0.760 , 0.9104 , 0.4004 , 3.9714
        0.762 , 0.9101 , 0.4007 , 3.9708
        0.764 , 0.9104 , 0.4007 , 3.9714
        0.766 , 0.9104 , 0.4007 , 3.9711
        0.768 , 0.9107 , 0.4004 , 3.9702
        0.770 , 0.9107 , 0.4013 , 3.9708
        0.772 , 0.9107 , 0.4007 , 3.9711
        0.774 , 0.9104 , 0.4004 , 3.9702
        0.776 , 0.9110 , 0.4007 , 3.9692
        0.778 , 0.9104 , 0.4004 , 3.9695
        0.780 , 0.9107 , 0.4004 , 3.9702
        0.782 , 0.9098 , 0.4007 , 3.9686
        0.784 , 0.9107 , 0.4004 , 3.9683
        0.786 , 0.9107 , 0.4007 , 3.9683
        0.788 , 0.9110 , 0.4004 , 3.9692
        0.790 , 0.9107 , 0.4004 , 3.9680
        0.792 , 0.9107 , 0.4007 , 3.9677
        0.794 , 0.9101 , 0.4004 , 3.9677
        0.796 , -0.5499 , 1.7173 , 1.8622
        0.798 , -0.5499 , 1.7167 , 1.8448
        0.800 , -0.5502 , 1.7167 , 1.8378
        0.802 , -0.5493 , 1.7176 , 1.8339
        0.804 , -0.5499 , 1.7170 , 1.8305
        0.806 , -0.5493 , 1.7167 , 1.8274
        0.808 , -0.5496 , 1.7167 , 1.8250
        0.810 , -0.5490 , 1.7167 , 1.8232
        0.812 , -0.5490 , 1.7164 , 1.8216
        0.814 , -0.5493 , 1.7170 , 1.8195
        0.816 , -0.5481 , 1.7182 , 1.8186
        0.818 , -0.5496 , 1.7161 , 1.8159
        0.820 , -0.5493 , 1.7170 , 1.8155
        0.822 , -0.5493 , 1.7161 , 1.8143
        0.824 , -0.5490 , 1.7170 , 1.8140
        0.826 , -0.5493 , 1.7167 , 1.8122
        0.828 , -0.5490 , 1.7170 , 1.8113
        0.830 , -0.5493 , 1.7158 , 1.8101
        0.832 , -0.5490 , 1.7164 , 1.8097
        0.834 , -0.5487 , 1.7167 , 1.8091
        0.836 , -0.5490 , 1.7167 , 1.8076
        0.838 , -0.5493 , 1.7161 , 1.8073
        0.840 , -0.5484 , 1.7167 , 1.8064
        0.842 , -0.5487 , 1.7170 , 1.8058
        0.844 , -0.5487 , 1.7164 , 1.8055
        0.846 , -0.5490 , 1.7161 , 1.8046
        0.848 , -0.5490 , 1.7167 , 1.8039
        0.850 , -0.5487 , 1.7167 , 1.8030
        0.852 , -0.5490 , 1.7170 , 1.8024
        0.854 , -0.5487 , 1.7164 , 1.8024
        0.856 , -0.5484 , 1.7167 , 1.8018
        0.858 , -0.5490 , 1.7164 , 1.8006
        0.860 , -0.5487 , 1.7170 , 1.7997
        0.862 , -0.5487 , 1.7161 , 1.7994
        0.864 , -0.5481 , 1.7167 , 1.8000
        0.866 , -0.5487 , 1.7164 , 1.7978
        0.868 , -0.5490 , 1.7164 , 1.7975
        0.870 , -0.5487 , 1.7170 , 1.7975
        0.872 , -0.5487 , 1.7167 , 1.7966
        0.874 , -0.5484 , 1.7167 , 1.7969
        0.876 , -0.5487 , 1.7167 , 1.7954
        0.878 , -0.5481 , 1.7173 , 1.7957
        0.880 , -0.5487 , 1.7164 , 1.7951
        0.882 , -0.5490 , 1.7164 , 1.7948
        0.884 , -0.5493 , 1.7164 , 1.7936
        0.886 , -0.5490 , 1.7167 , 1.7933
        0.888 , -0.5484 , 1.7164 , 1.7939
        0.890 , -0.5484 , 1.7170 , 1.7924
        0.892 , -0.5484 , 1.7170 , 1.7927
        0.894 , -0.5484 , 1.7167 , 1.7920
        0.896 , -0.5487 , 1.7161 , 1.7914
        0.898 , -0.5484 , 1.7164 , 1.7911
        0.900 , -0.5490 , 1.7164 , 1.7902
        0.902 , -0.5487 , 1.7164 , 1.7896
        0.904 , -0.5490 , 1.7158 , 1.7893
        0.906 , -0.5493 , 1.7154 , 1.7893
        0.908 , -0.5493 , 1.7154 , 1.7884
        0.910 , -0.5487 , 1.7170 , 1.7878
        0.912 , -0.5487 , 1.7161 , 1.7878
        0.914 , -0.5490 , 1.7158 , 1.7872
        0.916 , -0.5487 , 1.7161 , 1.7869
        0.918 , -0.5487 , 1.7164 , 1.7859
        0.920 , -0.5484 , 1.7170 , 1.7859
        0.922 , -0.5487 , 1.7167 , 1.7850
        0.924 , -0.5484 , 1.7167 , 1.7850
        0.926 , -0.5493 , 1.7164 , 1.7841
        0.928 , -0.5496 , 1.7148 , 1.7832
        0.930 , -0.5484 , 1.7164 , 1.7835
        0.932 , -0.5484 , 1.7164 , 1.7829
        0.934 , -0.5490 , 1.7161 , 1.7826
        0.936 , -0.5484 , 1.7161 , 1.7826
        0.938 , -0.5478 , 1.7170 , 1.7823
        0.940 , -0.5487 , 1.7158 , 1.7817
        0.942 , -0.5487 , 1.7161 , 1.7804
        0.944 , -0.5487 , 1.7167 , 1.7804
        0.946 , -0.5487 , 1.7164 , 1.7801
        0.948 , -0.5490 , 1.7158 , 1.7792
        0.950 , -0.5490 , 1.7170 , 1.7789
        0.952 , -0.5490 , 1.7164 , 1.7783
        0.954 , -0.5490 , 1.7164 , 1.7777
        0.956 , -0.5490 , 1.7158 , 1.7777
        0.958 , -0.5487 , 1.7164 , 1.7774
        0.960 , -0.5481 , 1.7167 , 1.7768
        0.962 , -0.5484 , 1.7167 , 1.7768
        0.964 , -0.5487 , 1.7164 , 1.7759
        0.966 , -0.5484 , 1.7167 , 1.7756
        0.968 , -0.5481 , 1.7176 , 1.7747
        0.970 , -0.5487 , 1.7164 , 1.7740
        0.972 , -0.5490 , 1.7161 , 1.7734
        0.974 , -0.5487 , 1.7154 , 1.7725
        0.976 , -0.5487 , 1.7158 , 1.7722
        0.978 , -0.5490 , 1.7158 , 1.7719
        0.980 , -0.5484 , 1.7158 , 1.7716
        0.982 , -0.5484 , 1.7161 , 1.7713
        0.984 , -0.5481 , 1.7164 , 1.7701
        0.986 , -0.5487 , 1.7164 , 1.7704
        0.988 , -0.5493 , 1.7158 , 1.7695
        0.990 , -0.5475 , 1.7176 , 1.7701
        0.992 , -0.5487 , 1.7161 , 1.7679
        0.994 , -0.5496 , 1.7154 , 1.7667
        0.996 , -0.5484 , 1.7164 , 1.7673
        0.998 , -0.5487 , 1.7161 , 1.7661
        1.000 , -0.5487 , 1.7164 , 1.7649
        1.002 , -0.5487 , 1.7164 , 1.7646
        1.004 , -0.5481 , 1.7164 , 1.7637
        1.006 , -0.5484 , 1.7164 , 1.7634
        1.008 , -0.5487 , 1.7158 , 1.7618
        1.010 , -0.5484 , 1.7167 , 1.7609
        1.012 , -0.5490 , 1.7158 , 1.7609
        1.014 , -0.5481 , 1.7164 , 1.7600
        1.016 , -0.5487 , 1.7167 , 1.7588
        1.018 , -0.5484 , 1.7164 , 1.7557
        1.020 , 0.0003 , 0.0003 , 0.0006
        1.022 , 0.0003 , -0.0003 , 0.0000
        1.024 , 0.0000 , -0.0003 , 0.0009
        1.026 , -0.0003 , -0.0003 , 0.0000
        1.028 , 0.0012 , 0.0006 , 0.0009
        1.030 , 0.0000 , -0.0003 , 0.0006
        1.032 , -0.0003 , -0.0003 , 0.0000
        1.034 , -0.5689 , 1.3660 , 1.4698
        1.036 , -0.5490 , 1.7170 , 1.8290
        1.038 , -0.5490 , 1.7164 , 1.8140
        1.040 , -0.5493 , 1.7164 , 1.8064
        1.042 , -0.5493 , 1.7164 , 1.8009
        1.044 , -0.5496 , 1.7164 , 1.7966
        1.046 , -0.5490 , 1.7161 , 1.7936
        1.048 , -0.5493 , 1.7167 , 1.7908
        1.050 , -0.5487 , 1.7167 , 1.7884
        1.052 , -0.5490 , 1.7167 , 1.7862
        1.054 , -0.5490 , 1.7161 , 1.7850
        1.056 , -0.5493 , 1.7164 , 1.7832
        1.058 , -0.5487 , 1.7161 , 1.7811
        1.060 , -0.5487 , 1.7164 , 1.7798
        1.062 , -0.5487 , 1.7161 , 1.7783
        1.064 , -0.5484 , 1.7167 , 1.7771
        1.066 , -0.5490 , 1.7164 , 1.7753
        1.068 , -0.5484 , 1.7161 , 1.7737
        1.070 , -0.5484 , 1.7164 , 1.7722
        1.072 , -0.5484 , 1.7161 , 1.7713
        1.074 , -0.5484 , 1.7158 , 1.7695
        1.076 , -0.5484 , 1.7161 , 1.7682
        1.078 , -0.5487 , 1.7164 , 1.7667
        1.080 , -0.5487 , 1.7164 , 1.7658
        1.082 , -0.5487 , 1.7158 , 1.7640
        1.084 , -0.5484 , 1.7161 , 1.7618
        1.086 , -0.5484 , 1.7170 , 1.7612
        1.088 , -0.5484 , 1.7158 , 1.7582
        1.090 , -0.5484 , 1.7161 , 1.7570
        1.092 , -0.5484 , 1.7164 , 1.7545
        1.094 , 0.0006 , -0.0003 , 0.0000
        1.096 , 0.0000 , -0.0003 , 0.0006
        1.098 , -0.0003 , -0.0003 , 0.0000
        1.100 , 0.0003 , 0.0003 , 0.0003
        1.102 , 0.0000 , 0.0003 , 0.0000
        1.104 , -0.0003 , -0.0003 , 0.0003
        1.106 , -0.0003 , -0.0003 , 0.0006
        1.108 , -0.0003 , -0.0003 , 0.0000
        1.110 , -0.5496 , 1.7167 , 1.8366
        1.112 , -0.5496 , 1.7167 , 1.8168
        1.114 , -0.5487 , 1.7167 , 1.8079
        1.116 , -0.5490 , 1.7161 , 1.8012
        1.118 , -0.5490 , 1.7167 , 1.7966
        1.120 , -0.5493 , 1.7164 , 1.7936
        1.122 , -0.5493 , 1.7161 , 1.7908
        1.124 , -0.5484 , 1.7158 , 1.7878
        1.126 , -0.5487 , 1.7167 , 1.7850
        1.128 , -0.5487 , 1.7164 , 1.7832
        1.130 , -0.5490 , 1.7164 , 1.7811
        1.132 , -0.5487 , 1.7161 , 1.7789
        1.134 , -0.5493 , 1.7170 , 1.7768
        1.136 , -0.5490 , 1.7161 , 1.7747
        1.138 , -0.5490 , 1.7167 , 1.7734
        1.140 , -0.5484 , 1.7164 , 1.7713
        1.142 , -0.5484 , 1.7164 , 1.7695
        1.144 , -0.5490 , 1.7161 , 1.7676
        1.146 , -0.5490 , 1.7161 , 1.7655
        1.148 , -0.5484 , 1.7164 , 1.7643
        1.150 , -0.5487 , 1.7161 , 1.7621
        1.152 , -0.5490 , 1.7161 , 1.7588
        1.154 , -0.4392 , 1.3733 , 1.4206
        1.156 , -0.0003 , -0.0003 , 0.0012
        1.158 , 0.0000 , -0.0003 , 0.0000
        1.160 , -0.0003 , -0.0003 , 0.0000
        1.162 , 0.0000 , 0.0000 , 0.0003
        1.164 , -0.0003 , -0.0003 , 0.0000
        1.166 , 0.0006 , 0.0006 , 0.0006
        1.168 , 0.0003 , 0.0000 , 0.0003
        1.170 , 0.0003 , 0.0003 , 0.0006
        1.172 , -0.5490 , 1.7161 , 1.8394
        1.174 , -0.5496 , 1.7161 , 1.8168
        1.176 , -0.5496 , 1.7167 , 1.8073
        1.178 , -0.5493 , 1.7161 , 1.8012
        1.180 , -0.5490 , 1.7164 , 1.7966
        1.182 , -0.5493 , 1.7161 , 1.7927
        1.184 , -0.5493 , 1.7161 , 1.7893
        1.186 , -0.5493 , 1.7161 , 1.7859
        1.188 , -0.5487 , 1.7164 , 1.7847
        1.190 , -0.5490 , 1.7170 , 1.7823
        1.192 , -0.5487 , 1.7158 , 1.7798
        1.194 , -0.5487 , 1.7167 , 1.7777
        1.196 , -0.5484 , 1.7164 , 1.7759
        1.198 , -0.5493 , 1.7158 , 1.7734
        1.200 , -0.5490 , 1.7164 , 1.7713
        1.202 , -0.5484 , 1.7164 , 1.7692
        1.204 , -0.5493 , 1.7161 , 1.7661
        1.206 , -0.5484 , 1.7164 , 1.7646
        1.208 , -0.5490 , 1.7154 , 1.7618
        1.210 , -0.5487 , 1.7161 , 1.7594
        1.212 , -0.3293 , 1.0297 , 1.0678
        1.214 , -0.0003 , -0.0003 , 0.0000
        1.216 , -0.0003 , -0.0003 , 0.0000
        1.218 , -0.0003 , -0.0003 , 0.0000
        1.220 , -0.0003 , -0.0003 , 0.0000
        1.222 , -0.0003 , -0.0003 , 0.0006
        1.224 , -0.0003 , -0.0003 , 0.0000
        1.226 , -0.0003 , -0.0003 , 0.0000
        1.228 , 0.0003 , 0.0000 , 0.0003
        1.230 , -0.5499 , 1.7170 , 1.8497
        1.232 , -0.5493 , 1.7170 , 1.8210
        1.234 , -0.5493 , 1.7170 , 1.8094
        1.236 , -0.5490 , 1.7167 , 1.8030
        1.238 , -0.5484 , 1.7161 , 1.7978
        1.240 , -0.5487 , 1.7161 , 1.7936
        1.242 , -0.5490 , 1.7164 , 1.7899
        1.244 , -0.5490 , 1.7161 , 1.7866
        1.246 , -0.5490 , 1.7158 , 1.7841
        1.248 , -0.5487 , 1.7164 , 1.7817
        1.250 , -0.5490 , 1.7167 , 1.7792
        1.252 , -0.5487 , 1.7167 , 1.7771
        1.254 , -0.5490 , 1.7161 , 1.7747
        1.256 , -0.5484 , 1.7164 , 1.7725
        1.258 , -0.5487 , 1.7167 , 1.7698
        1.260 , -0.5493 , 1.7173 , 1.7676
        1.262 , -0.5490 , 1.7158 , 1.7643
        1.264 , -0.5481 , 1.7164 , 1.7621
        1.266 , -0.5490 , 1.7164 , 1.7579
        1.268 , -0.0003 , -0.0003 , 0.0000
        1.270 , 0.0000 , 0.0000 , 0.0000
        1.272 , -0.0003 , -0.0003 , 0.0003
        1.274 , -0.0003 , -0.0003 , 0.0000
        1.276 , -0.0003 , -0.0003 , 0.0000
        1.278 , -0.0003 , -0.0003 , 0.0000
        1.280 , -0.0003 , -0.0003 , 0.0000
        1.282 , 0.0000 , -0.0003 , 0.0012
        1.284 , -0.0003 , -0.0003 , 0.0000
        1.286 , -0.5502 , 1.7161 , 1.8455
        1.288 , -0.5496 , 1.7167 , 1.8192
        1.290 , -0.5493 , 1.7158 , 1.8085
        1.292 , -0.5496 , 1.7167 , 1.8015
        1.294 , -0.5493 , 1.7167 , 1.7966
        1.296 , -0.5487 , 1.7164 , 1.7930
        1.298 , -0.5490 , 1.7164 , 1.7896
        1.300 , -0.5487 , 1.7170 , 1.7859
        1.302 , -0.5487 , 1.7164 , 1.7832
        1.304 , -0.5490 , 1.7158 , 1.7801
        1.306 , -0.5487 , 1.7158 , 1.7786
        1.308 , -0.5487 , 1.7170 , 1.7762
        1.310 , -0.5490 , 1.7161 , 1.7728
        1.312 , -0.5484 , 1.7154 , 1.7707
        1.314 , -0.5481 , 1.7164 , 1.7682
        1.316 , -0.5490 , 1.7158 , 1.7649
        1.318 , -0.5487 , 1.7158 , 1.7621
        1.320 , -0.5490 , 1.7167 , 1.7570
        1.322 , -0.0003 , -0.0003 , 0.0009
        1.324 , -0.0006 , -0.0006 , 0.0000
        1.326 , -0.0003 , -0.0003 , 0.0000
        1.328 , -0.0003 , -0.0003 , 0.0000
        1.330 , 0.0000 , -0.0003 , 0.0000
        1.332 , -0.0003 , -0.0003 , 0.0006
        1.334 , 0.0000 , -0.0003 , 0.0000
        1.336 , 0.0003 , 0.0003 , 0.0003
        1.338 , 0.0000 , -0.0003 , 0.0000
        1.340 , -0.5493 , 1.7167 , 1.8467
        1.342 , -0.5496 , 1.7167 , 1.8198
        1.344 , -0.5496 , 1.7167 , 1.8082
        1.346 , -0.5487 , 1.7170 , 1.8024
        1.348 , -0.5493 , 1.7158 , 1.7963
        1.350 , -0.5493 , 1.7164 , 1.7924
        1.352 , -0.5490 , 1.7164 , 1.7890
        1.354 , -0.5484 , 1.7167 , 1.7862
        1.356 , -0.5487 , 1.7170 , 1.7838
        1.358 , -0.5487 , 1.7170 , 1.7804
        1.360 , -0.5490 , 1.7167 , 1.7777
        1.362 , -0.5496 , 1.7154 , 1.7737
        1.364 , -0.5490 , 1.7158 , 1.7731
        1.366 , -0.5487 , 1.7158 , 1.7689
        1.368 , -0.5484 , 1.7170 , 1.7664
        1.370 , -0.5487 , 1.7167 , 1.7640
        1.372 , -0.5487 , 1.7167 , 1.7594
        1.374 , -0.0003 , -0.0003 , 0.0000
        1.376 , 0.0000 , 0.0000 , 0.0003
        1.378 , 0.0009 , 0.0003 , 0.0009
        1.380 , -0.0003 , -0.0003 , 0.0012
        1.382 , -0.0003 , -0.0003 , 0.0000
        1.384 , -0.0003 , 0.0000 , 0.0009
        1.386 , 0.0000 , -0.0003 , 0.0000
        1.388 , -0.0003 , -0.0003 , 0.0000
        1.390 , 0.0000 , -0.0003 , 0.0000
        1.392 , -0.5499 , 1.7167 , 1.8656
        1.394 , -0.5496 , 1.7173 , 1.8250
        1.396 , -0.5493 , 1.7170 , 1.8119
        1.398 , -0.5490 , 1.7164 , 1.8039
        1.400 , -0.5496 , 1.7164 , 1.7978
        1.402 , -0.5493 , 1.7161 , 1.7933
        1.404 , -0.5493 , 1.7161 , 1.7896
        1.406 , -0.5490 , 1.7158 , 1.7866
        1.408 , -0.5484 , 1.7170 , 1.7841
        1.410 , -0.5490 , 1.7161 , 1.7801
        1.412 , -0.5487 , 1.7164 , 1.7774
        1.414 , -0.5487 , 1.7170 , 1.7753
        1.416 , -0.5490 , 1.7167 , 1.7722
        1.418 , -0.5490 , 1.7164 , 1.7692
        1.420 , -0.5481 , 1.7170 , 1.7661
        1.422 , -0.5487 , 1.7164 , 1.7634
        1.424 , -0.5487 , 1.7161 , 1.7576
        1.426 , -0.2200 , 0.6861 , 0.7007
        1.428 , -0.0003 , -0.0003 , 0.0000
        1.430 , 0.0000 , -0.0003 , 0.0000
        1.432 , 0.0000 , -0.0003 , 0.0006
        1.434 , 0.0003 , 0.0003 , 0.0006
        1.436 , 0.0000 , 0.0000 , 0.0000
        1.438 , -0.0003 , -0.0003 , 0.0000
        1.440 , -0.0003 , -0.0003 , 0.0003
        1.442 , -0.0003 , -0.0003 , 0.0000
        1.444 , -0.0003 , -0.0003 , 0.0000
        1.446 , -0.5499 , 1.7164 , 1.8351
        1.448 , -0.5493 , 1.7164 , 1.8165
        1.450 , -0.5493 , 1.7170 , 1.8064
        1.452 , -0.5496 , 1.7164 , 1.7994
        1.454 , -0.5493 , 1.7167 , 1.7957
        1.456 , -0.5484 , 1.7164 , 1.7914
        1.458 , -0.5490 , 1.7164 , 1.7875
        1.460 , -0.5490 , 1.7167 , 1.7841
        1.462 , -0.5490 , 1.7164 , 1.7820
        1.464 , -0.5490 , 1.7161 , 1.7777
        1.466 , -0.5487 , 1.7161 , 1.7750
        1.468 , -0.5490 , 1.7161 , 1.7728
        1.470 , -0.5490 , 1.7161 , 1.7692
        1.472 , -0.5490 , 1.7161 , 1.7661
        1.474 , -0.5487 , 1.7158 , 1.7618
        1.476 , -0.5493 , 1.7158 , 1.7570
        1.478 , -0.0003 , -0.0003 , 0.0000
        1.480 , 0.0000 , -0.0003 , 0.0000
        1.482 , 0.0003 , 0.0003 , 0.0000
        1.484 , 0.0015 , 0.0012 , 0.0003
        1.486 , -0.0003 , -0.0003 , 0.0000
        1.488 , -0.0003 , -0.0003 , 0.0006
        1.490 , -0.0003 , -0.0003 , 0.0003
        1.492 , -0.0003 , -0.0003 , 0.0000
        1.494 , 0.0000 , 0.0000 , 0.0000
        1.496 , -0.5496 , 1.7161 , 1.8470
        1.498 , -0.5496 , 1.7164 , 1.8201
        1.500 , -0.5496 , 1.7158 , 1.8082
        1.502 , -0.5493 , 1.7167 , 1.8021
        1.504 , -0.5490 , 1.7167 , 1.7966
        1.506 , -0.5493 , 1.7154 , 1.7930
        1.508 , -0.5490 , 1.7164 , 1.7884
        1.510 , -0.5490 , 1.7164 , 1.7847
        1.512 , -0.5493 , 1.7164 , 1.7820
        1.514 , -0.5481 , 1.7167 , 1.7792
        1.516 , -0.5490 , 1.7170 , 1.7762
        1.518 , -0.5496 , 1.7167 , 1.7722
        1.520 , -0.5484 , 1.7164 , 1.7698
        1.522 , -0.5484 , 1.7164 , 1.7667
        1.524 , -0.5487 , 1.7167 , 1.7618
        1.526 , -0.5499 , 1.7151 , 1.7573
        1.528 , -0.0006 , -0.0009 , 0.0000
        1.530 , -0.0003 , -0.0003 , 0.0003
        1.532 , 0.0000 , -0.0003 , 0.0006
        1.534 , -0.0003 , -0.0003 , 0.0000
        1.536 , -0.0003 , -0.0003 , 0.0000
        1.538 , -0.0003 , -0.0003 , 0.0000
        1.540 , -0.0003 , -0.0003 , 0.0006
        1.542 , -0.0003 , -0.0003 , 0.0003
        1.544 , 0.0009 , 0.0003 , 0.0000
        1.546 , -0.5499 , 1.7164 , 1.8693
        1.548 , -0.5493 , 1.7164 , 1.8265
        1.550 , -0.5493 , 1.7164 , 1.8119
        1.552 , -0.5496 , 1.7161 , 1.8039
        1.554 , -0.5490 , 1.7164 , 1.7991
        1.556 , -0.5493 , 1.7158 , 1.7936
        1.558 , -0.5490 , 1.7167 , 1.7899
        1.560 , -0.5493 , 1.7161 , 1.7859
        1.562 , -0.5487 , 1.7158 , 1.7832
        1.564 , -0.5484 , 1.7164 , 1.7804
        1.566 , -0.5487 , 1.7170 , 1.7768
        1.568 , -0.5490 , 1.7161 , 1.7737
        1.570 , -0.5484 , 1.7173 , 1.7701
        1.572 , -0.5502 , 1.7154 , 1.7658
        1.574 , -0.5487 , 1.7161 , 1.7621
        1.576 , -0.3293 , 1.0297 , 1.0550
        1.578 , 0.0000 , -0.0003 , 0.0000
        1.580 , 0.0000 , -0.0003 , 0.0006
        1.582 , -0.0003 , -0.0003 , 0.0003
        1.584 , 0.0000 , -0.0003 , 0.0000
        1.586 , -0.0003 , -0.0003 , 0.0009
        1.588 , 0.0003 , 0.0003 , 0.0003
        1.590 , 0.0000 , 0.0000 , 0.0000
        1.592 , -0.0003 , -0.0003 , 0.0000
        1.594 , 0.0000 , -0.0003 , 0.0003
        1.596 , -0.5496 , 1.7161 , 1.8442
        1.598 , -0.5496 , 1.7158 , 1.8195
        1.600 , -0.5496 , 1.7164 , 1.8088
        1.602 , -0.5499 , 1.7164 , 1.8015
        1.604 , -0.5490 , 1.7164 , 1.7966
        1.606 , -0.5490 , 1.7161 , 1.7924
        1.608 , -0.5487 , 1.7161 , 1.7884
        1.610 , -0.5493 , 1.7161 , 1.7844
        1.612 , -0.5490 , 1.7164 , 1.7817
        1.614 , -0.5487 , 1.7164 , 1.7786
        1.616 , -0.5487 , 1.7167 , 1.7753
        1.618 , -0.5493 , 1.7158 , 1.7710
        1.620 , -0.5484 , 1.7161 , 1.7679
        1.622 , -0.5490 , 1.7161 , 1.7643
        1.624 , -0.5487 , 1.7164 , 1.7594
        1.626 , 0.0003 , 0.0003 , 0.0000
        1.628 , -0.0003 , -0.0003 , 0.0000
        1.630 , -0.0003 , -0.0003 , 0.0000
        1.632 , 0.0000 , -0.0003 , 0.0000
        1.634 , -0.0003 , -0.0003 , 0.0003
        1.636 , 0.0000 , -0.0003 , 0.0006
        1.638 , -0.0003 , -0.0003 , 0.0006
        1.640 , 0.0000 , 0.0000 , 0.0000
        1.642 , -0.0003 , -0.0003 , 0.0006
        1.644 , -0.0003 , -0.0003 , 0.0000
        1.646 , -0.5499 , 1.7164 , 1.8384
        1.648 , -0.5496 , 1.7161 , 1.8177
        1.650 , -0.5493 , 1.7164 , 1.8070
        1.652 , -0.5493 , 1.7167 , 1.8003
        1.654 , -0.5487 , 1.7167 , 1.7957
        1.656 , -0.5490 , 1.7164 , 1.7911
        1.658 , -0.5487 , 1.7164 , 1.7878
        1.660 , -0.5484 , 1.7170 , 1.7844
        1.662 , -0.5490 , 1.7170 , 1.7808
        1.664 , -0.5493 , 1.7164 , 1.7774
        1.666 , -0.5484 , 1.7164 , 1.7740
        1.668 , -0.5487 , 1.7161 , 1.7704
        1.670 , -0.5490 , 1.7161 , 1.7664
        1.672 , -0.5484 , 1.7164 , 1.7618
        1.674 , -0.4389 , 1.3730 , 1.4295
        1.676 , -0.0003 , -0.0003 , 0.0000
        1.678 , -0.0003 , -0.0003 , 0.0000
        1.680 , -0.0003 , -0.0003 , 0.0006
        1.682 , -0.0003 , -0.0003 , 0.0000
        1.684 , 0.0000 , -0.0003 , 0.0000
        1.686 , -0.0003 , -0.0003 , 0.0000
        1.688 , -0.0003 , -0.0003 , 0.0000
        1.690 , 0.0006 , 0.0006 , 0.0006
        1.692 , -0.0003 , -0.0003 , 0.0003
        1.694 , -0.5499 , 1.7167 , 1.8625
        1.696 , -0.5496 , 1.7164 , 1.8253
        1.698 , -0.5496 , 1.7161 , 1.8113
        1.700 , -0.5493 , 1.7164 , 1.8030
        1.702 , -0.5490 , 1.7161 , 1.7978
        1.704 , -0.5484 , 1.7164 , 1.7942
        1.706 , -0.5493 , 1.7158 , 1.7893
        1.708 , -0.5487 , 1.7164 , 1.7856
        1.710 , -0.5490 , 1.7164 , 1.7823
        1.712 , -0.5487 , 1.7164 , 1.7789
        1.714 , -0.5484 , 1.7161 , 1.7753
        1.716 , -0.5487 , 1.7164 , 1.7716
        1.718 , -0.5487 , 1.7161 , 1.7682
        1.720 , -0.5487 , 1.7161 , 1.7637
        1.722 , -0.5484 , 1.7167 , 1.7579
        1.724 , -0.0003 , -0.0003 , 0.0009
        1.726 , 0.0003 , -0.0003 , 0.0000
        1.728 , -0.0003 , -0.0003 , 0.0000
        1.730 , -0.0003 , -0.0003 , 0.0015
        1.732 , -0.0003 , -0.0003 , 0.0006
        1.734 , 0.0000 , -0.0003 , 0.0000
        1.736 , -0.0003 , -0.0003 , 0.0000
        1.738 , -0.0003 , -0.0003 , 0.0000
        1.740 , -0.0003 , -0.0003 , 0.0003
        1.742 , -0.4617 , 1.3651 , 1.5040
        1.744 , -0.5502 , 1.7158 , 1.8290
        1.746 , -0.5493 , 1.7164 , 1.8146
        1.748 , -0.5487 , 1.7164 , 1.8061
        1.750 , -0.5493 , 1.7161 , 1.7988
        1.752 , -0.5493 , 1.7164 , 1.7942
        1.754 , -0.5490 , 1.7164 , 1.7896
        1.756 , -0.5490 , 1.7161 , 1.7856
        1.758 , -0.5490 , 1.7167 , 1.7826
        1.760 , -0.5493 , 1.7158 , 1.7789
        1.762 , -0.5487 , 1.7167 , 1.7765
        1.764 , -0.5484 , 1.7154 , 1.7725
        1.766 , -0.5490 , 1.7164 , 1.7679
        1.768 , -0.5487 , 1.7167 , 1.7634
        1.770 , -0.5487 , 1.7164 , 1.7579
        1.772 , -0.0009 , -0.0009 , 0.0000
        1.774 , 0.0003 , -0.0003 , 0.0000
        1.776 , 0.0006 , -0.0003 , 0.0000
        1.778 , -0.0003 , -0.0003 , 0.0000
        1.780 , 0.0000 , -0.0003 , 0.0009
        1.782 , -0.0003 , -0.0003 , 0.0006
        1.784 , -0.0003 , -0.0003 , 0.0000
        1.786 , 0.0000 , -0.0003 , 0.0000
        1.788 , -0.0003 , -0.0003 , 0.0003
        1.790 , -0.1291 , 0.3311 , 0.3775
        1.792 , -0.5490 , 1.7164 , 1.8351
        1.794 , -0.5493 , 1.7164 , 1.8159
        1.796 , -1.3453 , -0.1318 , 5.5150
        1.798 , -1.3450 , -0.1315 , 5.4613
        1.800 , -1.3446 , -0.1315 , 5.4360
        1.802 , -1.3453 , -0.1318 , 5.4183
        1.804 , -1.3450 , -0.1312 , 5.4051
        1.806 , -1.3450 , -0.1312 , 5.3926
        1.808 , -1.3450 , -0.1315 , 5.3825
        1.810 , -1.3450 , -0.1315 , 5.3719
        1.812 , -1.3450 , -0.1318 , 5.3639
        1.814 , -1.3450 , -0.1315 , 5.3554
        1.816 , -1.3453 , -0.1315 , 5.3475
        1.818 , -1.3450 , -0.1315 , 5.3395
        1.820 , -1.3446 , -0.1312 , 5.3334
        1.822 , -1.3446 , -0.1312 , 5.3261
        1.824 , -1.3450 , -0.1312 , 5.3194
        1.826 , -1.3453 , -0.1318 , 5.3111
        1.828 , -1.3450 , -0.1315 , 5.3066
        1.830 , -1.3450 , -0.1312 , 5.3001
        1.832 , -1.3446 , -0.1312 , 5.2944
        1.834 , -1.3446 , -0.1315 , 5.2873
        1.836 , -1.3446 , -0.1312 , 5.2831
        1.838 , -1.3446 , -0.1309 , 5.2776
        1.840 , -1.3446 , -0.1309 , 5.2718
        1.842 , -1.3456 , -0.1315 , 5.2644
        1.844 , -1.3450 , -0.1315 , 5.2608
        1.846 , -1.3446 , -0.1312 , 5.2553
        1.848 , -1.3446 , -0.1315 , 5.2501
        1.850 , -1.3453 , -0.1312 , 5.2446
        1.852 , -1.3446 , -0.1315 , 5.2379
        1.854 , -1.3446 , -0.1315 , 5.2345
        1.856 , -1.3450 , -0.1315 , 5.2300
        1.858 , -1.3446 , -0.1312 , 5.2248
        1.860 , -1.3446 , -0.1312 , 5.2199
        1.862 , -1.3446 , -0.1312 , 5.2150
        1.864 , -1.3450 , -0.1318 , 5.2098
        1.866 , -1.3446 , -0.1309 , 5.2052
        1.868 , -1.3450 , -0.1312 , 5.2007
        1.870 , -1.3443 , -0.1312 , 5.1964
        1.872 , -1.3446 , -0.1315 , 5.1915
        1.874 , -1.3443 , -0.1309 , 5.1866
        1.876 , -1.3446 , -0.1315 , 5.1814
        1.878 , -1.3450 , -0.1312 , 5.1759
        1.880 , -1.3443 , -0.1309 , 5.1732
        1.882 , -1.3446 , -0.1312 , 5.1683
        1.884 , -1.3446 , -0.1312 , 5.1637
        1.886 , -1.3450 , -0.1309 , 5.1604
        1.888 , -1.3450 , -0.1312 , 5.1561
        1.890 , -1.3446 , -0.1315 , 5.1509
        1.892 , -1.3450 , -0.1318 , 5.1466
        1.894 , -1.3450 , -0.1315 , 5.1427
        1.896 , -1.3446 , -0.1312 , 5.1387
        1.898 , -1.3446 , -0.1312 , 5.1344
        1.900 , -1.3443 , -0.1312 , 5.1302
        1.902 , -1.3450 , -0.1318 , 5.1259
        1.904 , -1.3450 , -0.1315 , 5.1207
        1.906 , -1.3443 , -0.1309 , 5.1189
        1.908 , -1.3446 , -0.1312 , 5.1146
        1.910 , -1.3453 , -0.1315 , 5.1097
        1.912 , -1.3450 , -0.1315 , 5.1057
        1.914 , -1.3443 , -0.1309 , 5.1024
        1.916 , -1.3446 , -0.1318 , 5.0981
        1.918 , -1.3453 , -0.1318 , 5.0935
        1.920 , -1.3440 , -0.1312 , 5.0896
        1.922 , -1.3446 , -0.1309 , 5.0868
        1.924 , -1.3443 , -0.1315 , 5.0838
        1.926 , -1.3450 , -0.1312 , 5.0789
        1.928 , -1.3446 , -0.1312 , 5.0749
        1.930 , -1.3443 , -0.1315 , 5.0731
        1.932 , -1.3446 , -0.1312 , 5.0682
        1.934 , -1.3450 , -0.1312 , 5.0642
        1.936 , -1.3450 , -0.1312 , 5.0603
        1.938 , -1.3443 , -0.1315 , 5.0560
        1.940 , -1.3443 , -0.1315 , 5.0539
        1.942 , -1.3446 , -0.1312 , 5.0493
        1.944 , -1.3446 , -0.1315 , 5.0459
        1.946 , -1.3450 , -0.1315 , 5.0432
        1.948 , -1.3443 , -0.1312 , 5.0398
        1.950 , -1.3443 , -0.1312 , 5.0362
        1.952 , -1.3443 , -0.1315 , 5.0325
        1.954 , -1.3443 , -0.1312 , 5.0291
        1.956 , -1.3446 , -0.1315 , 5.0249
        1.958 , -1.3446 , -0.1312 , 5.0230
        1.960 , -1.3446 , -0.1312 , 5.0191
        1.962 , -1.3446 , -0.1312 , 5.0154
        1.964 , -1.3446 , -0.1312 , 5.0130
        1.966 , -1.3443 , -0.1309 , 5.0102
        1.968 , -1.3443 , -0.1312 , 5.0066
        1.970 , -1.3450 , -0.1315 , 5.0023
        1.972 , -1.3443 , -0.1312 , 4.9986
        1.974 , -1.3453 , -0.1315 , 4.9965
        1.976 , -1.3443 , -0.1309 , 4.9934
        1.978 , -1.3443 , -0.1309 , 4.9898
        1.980 , -1.3443 , -0.1309 , 4.9873
        1.982 , -1.3437 , -0.1306 , 4.9855
        1.984 , -1.3443 , -0.1309 , 4.9806
        1.986 , -1.3453 , -0.1321 , 4.9767
        1.988 , -1.3440 , -0.1309 , 4.9748
        1.990 , -1.3443 , -0.1312 , 4.9712
        1.992 , -1.3443 , -0.1315 , 4.9693
        1.994 , -1.3443 , -0.1312 , 4.9654
        1.996 , -1.3446 , -0.1309 , 4.9617
        1.998 , -1.3446 , -0.1315 , 4.9605
        2.000 , -1.3443 , -0.1309 , 4.9568
