        0.005 , 0.9128 , 0.4016 , 4.0754
        0.010 , 0.9128 , 0.4013 , 4.0745
        0.015 , 0.9128 , 0.4013 , 4.0733
        0.020 , 0.9128 , 0.4016 , 4.0730
        0.025 , 0.9128 , 0.4016 , 4.0715
        0.030 , 0.9128 , 0.4013 , 4.0709
        0.035 , 0.9128 , 0.4016 , 4.0706
        0.040 , 0.9131 , 0.4016 , 4.0684
        0.045 , 0.9128 , 0.4016 , 4.0687
        0.050 , 0.9128 , 0.4013 , 4.0669
        0.055 , 0.9128 , 0.4016 , 4.0660
        0.060 , 0.9131 , 0.4016 , 4.0651
        0.065 , 0.9128 , 0.4013 , 4.0635
        0.070 , 0.9131 , 0.4016 , 4.0641
        0.075 , 0.9131 , 0.4013 , 4.0623
        0.080 , 0.9128 , 0.4013 , 4.0620
        0.085 , 0.9128 , 0.4016 , 4.0614
        0.090 , 0.9128 , 0.4013 , 4.0605
        0.095 , 0.9128 , 0.4016 , 4.0605
        0.100 , 0.9128 , 0.4016 , 4.0590
        0.105 , 0.9128 , 0.4016 , 4.0584
        0.110 , 0.9125 , 0.4013 , 4.0571
        0.115 , 0.9128 , 0.4019 , 4.0565
        0.120 , 0.9131 , 0.4019 , 4.0559
        0.125 , 0.9128 , 0.4016 , 4.0547
        0.130 , 0.9128 , 0.4013 , 4.0541
        0.135 , 0.9131 , 0.4019 , 4.0532
        0.140 , 0.9128 , 0.4013 , 4.0522
        0.145 , 0.9128 , 0.4013 , 4.0519
        0.150 , 0.9128 , 0.4016 , 4.0510
        0.155 , 0.9128 , 0.4013 , 4.0507
        0.160 , 0.9125 , 0.4013 , 4.0492
        0.165 , 0.9125 , 0.4013 , 4.0489
        0.170 , 0.9125 , 0.4013 , 4.0483
        0.175 , 0.9125 , 0.4013 , 4.0477
        0.180 , 0.9125 , 0.4016 , 4.0468
        0.185 , 0.9125 , 0.4013 , 4.0455
        0.190 , 0.9131 , 0.4016 , 4.0452
        0.195 , 0.9128 , 0.4013 , 4.0440
        0.200 , 0.9128 , 0.4010 , 4.0434
        0.205 , 0.9125 , 0.4013 , 4.0425
        0.210 , 0.9128 , 0.4016 , 4.0422
        0.215 , 0.9128 , 0.4019 , 4.0419
        0.220 , 0.9125 , 0.4013 , 4.0407
        0.225 , 0.9125 , 0.4010 , 4.0400
        0.230 , 0.9119 , 0.4010 , 4.0394
        0.235 , 0.9125 , 0.4013 , 4.0388
        0.240 , 0.9122 , 0.4013 , 4.0376
        0.245 , 0.9122 , 0.4013 , 4.0373
        0.250 , 0.9122 , 0.4013 , 4.0364
        0.255 , 0.9125 , 0.4013 , 4.0355
        0.260 , 0.9122 , 0.4010 , 4.0349
        0.265 , 0.9125 , 0.4010 , 4.0336
        0.270 , 0.9125 , 0.4010 , 4.0333
        0.275 , 0.9128 , 0.4016 , 4.0327
        0.280 , 0.9125 , 0.4013 , 4.0318
        0.285 , 0.9125 , 0.4013 , 4.0315
        0.290 , 0.9125 , 0.4013 , 4.0306
        0.295 , 0.9122 , 0.4010 , 4.0300
        0.300 , 0.9125 , 0.4013 , 4.0294
        0.305 , 0.9119 , 0.4013 , 4.0284
        0.310 , 0.9125 , 0.4013 , 4.0278
        0.315 , 0.9122 , 0.4010 , 4.0266
        0.320 , 0.9122 , 0.4010 , 4.0263
        0.325 , 0.9125 , 0.4010 , 4.0254
        0.330 , 0.9122 , 0.4010 , 4.0251
        0.335 , 0.9125 , 0.4013 , 4.0245
        0.340 , 0.9125 , 0.4010 , 4.0233
        0.345 , 0.9122 , 0.4007 , 4.0229
        0.350 , 0.9125 , 0.4013 , 4.0220
        0.355 , 0.9125 , 0.4010 , 4.0217
        0.360 , 0.9125 , 0.4013 , 4.0211
        0.365 , 0.9125 , 0.4010 , 4.0199
        0.370 , 0.9122 , 0.4010 , 4.0196
        0.375 , 0.9122 , 0.4010 , 4.0184
        0.380 , 0.9122 , 0.4010 , 4.0184
        0.385 , 0.9125 , 0.4010 , 4.0175
        0.390 , 0.9122 , 0.4010 , 4.0168
        0.395 , 0.9122 , 0.4010 , 4.0162
        0.400 , 0.9119 , 0.4010 , 4.0153
        0.405 , 0.9125 , 0.4010 , 4.0153
        0.410 , 0.9122 , 0.4010 , 4.0141
        0.415 , 0.9125 , 0.4013 , 4.0138
        0.420 , 0.9125 , 0.4013 , 4.0129
        0.425 , 0.9122 , 0.4010 , 4.0123
        0.430 , 0.9125 , 0.4010 , 4.0117
        0.435 , 0.9125 , 0.4013 , 4.0107
        0.440 , 0.9122 , 0.4013 , 4.0107
        0.445 , 0.9125 , 0.4013 , 4.0098
        0.450 , 0.9122 , 0.4013 , 4.0095
        0.455 , 0.9122 , 0.4010 , 4.0086
        0.460 , 0.9122 , 0.4016 , 4.0080
        0.465 , 0.9125 , 0.4010 , 4.0077
        0.470 , 0.9122 , 0.4007 , 4.0065
        0.475 , 0.9122 , 0.4010 , 4.0059
        0.480 , 0.9125 , 0.4013 , 4.0052
        0.485 , 0.9122 , 0.4013 , 4.0049
        0.490 , 0.9122 , 0.4007 , 4.0037
        0.495 , 0.9122 , 0.4013 , 4.0031
        0.500 , 0.9125 , 0.4010 , 4.0028
        0.505 , 0.9125 , 0.4010 , 4.0022
        0.510 , 0.9125 , 0.4010 , 4.0013
        0.515 , 0.9125 , 0.4010 , 4.0007
        0.520 , 0.9116 , 0.4007 , 4.0001
        0.525 , 0.9122 , 0.4010 , 3.9995
        0.530 , 0.9122 , 0.4010 , 3.9988
        0.535 , 0.9119 , 0.4010 , 3.9982
        0.540 , 0.9122 , 0.4010 , 3.9973
        0.545 , 0.9125 , 0.4010 , 3.9976
        0.550 , 0.9122 , 0.4007 , 3.9964
        0.555 , 0.9122 , 0.4010 , 3.9958
        0.560 , 0.9122 , 0.4010 , 3.9958
        0.565 , 0.9122 , 0.4010 , 3.9946
        0.570 , 0.9119 , 0.4010 , 3.9946
        0.575 , 0.9122 , 0.4007 , 3.9937
        0.580 , 0.9119 , 0.4010 , 3.9930
        0.585 , 0.9119 , 0.4010 , 3.9924
        0.590 , 0.9122 , 0.4010 , 3.9915
        0.595 , 0.9116 , 0.4007 , 3.9912
        0.600 , 0.9122 , 0.4010 , 3.9903
        0.605 , 0.9122 , 0.4010 , 3.9903
        0.610 , 0.9119 , 0.4004 , 3.9894
        0.615 , 0.9119 , 0.4010 , 3.9888
        0.620 , 0.9122 , 0.4010 , 3.9888
        0.625 , 0.9119 , 0.4007 , 3.9872
        0.630 , 0.9119 , 0.4007 , 3.9872
        0.635 , 0.9122 , 0.4010 , 3.9866
        0.640 , 0.9119 , 0.4013 , 3.9854
        0.645 , 0.9122 , 0.4010 , 3.9854
        0.650 , 0.9122 , 0.4007 , 3.9845
        0.655 , 0.9119 , 0.4007 , 3.9842
        0.660 , 0.9119 , 0.4007 , 3.9836
        0.665 , 0.9119 , 0.4004 , 3.9827
        0.670 , 0.9116 , 0.4007 , 3.9830
        0.675 , 0.9119 , 0.4007 , 3.9821
        0.680 , 0.9122 , 0.4010 , 3.9817
        0.685 , 0.9119 , 0.4007 , 3.9805
        0.690 , 0.9119 , 0.4004 , 3.9805
        0.695 , 0.9119 , 0.4010 , 3.9799
        0.700 , 0.9122 , 0.4010 , 3.9790
        0.705 , -0.4047 , 1.5864 , 2.0789
        0.710 , -0.5506 , 1.7188 , 1.8305
        0.715 , -0.5502 , 1.7185 , 1.8213
        0.720 , -0.5502 , 1.7185 , 1.8159
        0.725 , -0.5499 , 1.7185 , 1.8116
        0.730 , -0.5499 , 1.7182 , 1.8085
        0.735 , -0.5496 , 1.7182 , 1.8058
        0.740 , -0.5496 , 1.7185 , 1.8030
        0.745 , -0.5499 , 1.7179 , 1.8009
        0.750 , -0.5499 , 1.7182 , 1.7988
        0.755 , -0.5493 , 1.7179 , 1.7972
        0.760 , -0.5493 , 1.7182 , 1.7954
        0.765 , -0.5493 , 1.7185 , 1.7939
        0.770 , -0.5493 , 1.7179 , 1.7924
        0.775 , -0.5496 , 1.7185 , 1.7905
        0.780 , -0.5496 , 1.7182 , 1.7893
        0.785 , -0.5493 , 1.7179 , 1.7878
        0.790 , -0.5493 , 1.7182 , 1.7866
        0.795 , -0.5493 , 1.7179 , 1.7853
        0.800 , -0.5493 , 1.7182 , 1.7838
        0.805 , -0.5493 , 1.7179 , 1.7826
        0.810 , -0.5496 , 1.7182 , 1.7808
        0.815 , -0.5493 , 1.7182 , 1.7795
        0.820 , -0.5493 , 1.7179 , 1.7783
        0.825 , -0.5493 , 1.7179 , 1.7765
        0.830 , -0.5493 , 1.7179 , 1.7759
        0.835 , -0.5493 , 1.7179 , 1.7747
        0.840 , -0.5493 , 1.7179 , 1.7725
        0.845 , -0.5493 , 1.7176 , 1.7716
        0.850 , -0.5493 , 1.7182 , 1.7698
        0.855 , -0.5493 , 1.7176 , 1.7679
        0.860 , -0.5490 , 1.7176 , 1.7658
        0.865 , -0.5493 , 1.7176 , 1.7637
        0.870 , -0.5490 , 1.7179 , 1.7618
        0.875 , -0.5493 , 1.7179 , 1.7585
        0.880 , 0.0000 , 0.0000 , 0.0000
        0.885 , 0.0000 , 0.0000 , 0.0000
        0.890 , 0.0000 , 0.0000 , 0.0003
        0.895 , -0.5496 , 1.7176 , 1.8186
        0.900 , -0.5499 , 1.7176 , 1.7991
        0.905 , -0.5493 , 1.7176 , 1.7908
        0.910 , -0.5496 , 1.7173 , 1.7850
        0.915 , -0.5493 , 1.7173 , 1.7804
        0.920 , -0.5493 , 1.7176 , 1.7768
        0.925 , -0.5490 , 1.7176 , 1.7731
        0.930 , -0.5490 , 1.7176 , 1.7698
        0.935 , -0.5490 , 1.7173 , 1.7655
        0.940 , -0.5493 , 1.7176 , 1.7615
        0.945 , -0.3293 , 1.0300 , 1.0541
        0.950 , 0.0000 , 0.0000 , 0.0000
        0.955 , 0.0000 , -0.0003 , 0.0003
        0.960 , -0.1471 , 0.1605 , 0.1526
        0.965 , -0.5496 , 1.7173 , 1.8137
        0.970 , -0.5493 , 1.7173 , 1.7975
        0.975 , -0.5496 , 1.7173 , 1.7884
        0.980 , -0.5490 , 1.7173 , 1.7829
        0.985 , -0.5490 , 1.7170 , 1.7774
        0.990 , -0.5493 , 1.7173 , 1.7728
        0.995 , -0.5490 , 1.7170 , 1.7682
        1.000 , -0.5490 , 1.7173 , 1.7627
        1.005 , -0.1648 , 0.5148 , 0.5271
        1.010 , -0.0003 , -0.0003 , 0.0000
        1.015 , 0.0000 , 0.0000 , 0.0000
        1.020 , -0.0858 , 0.2551 , 0.2829
        1.025 , -0.5493 , 1.7173 , 1.8128
        1.030 , -0.5493 , 1.7170 , 1.7969
        1.035 , -0.5490 , 1.7170 , 1.7878
        1.040 , -0.5493 , 1.7173 , 1.7808
        1.045 , -0.5490 , 1.7170 , 1.7756
        1.050 , -0.5490 , 1.7173 , 1.7701
        1.055 , -0.5490 , 1.7170 , 1.7646
        1.060 , -0.4938 , 1.5455 , 1.5812
        1.065 , 0.0000 , 0.0000 , 0.0000
        1.070 , 0.0000 , 0.0000 , 0.0003
        1.075 , 0.0000 , 0.0000 , 0.0000
        1.080 , -0.5499 , 1.7167 , 1.8299
        1.085 , -0.5496 , 1.7164 , 1.8012
        1.090 , -0.5487 , 1.7173 , 1.7905
        1.095 , -0.5490 , 1.7167 , 1.7832
        1.100 , -0.5490 , 1.7170 , 1.7765
        1.105 , -0.5490 , 1.7170 , 1.7707
        1.110 , -0.5487 , 1.7170 , 1.7637
        1.115 , -0.4389 , 1.3736 , 1.4078
        1.120 , 0.0000 , -0.0003 , 0.0000
        1.125 , 0.0000 , 0.0000 , 0.0000
        1.130 , 0.0000 , 0.0000 , 0.0003
        1.135 , -0.5499 , 1.7167 , 1.8390
        1.140 , -0.5496 , 1.7167 , 1.8030
        1.145 , -0.5490 , 1.7167 , 1.7914
        1.150 , -0.5490 , 1.7167 , 1.7832
        1.155 , -0.5487 , 1.7164 , 1.7765
        1.160 , -0.5490 , 1.7167 , 1.7692
        1.165 , -0.5490 , 1.7167 , 1.7618
        1.170 , 0.0000 , -0.0003 , 0.0000
        1.175 , 0.0000 , 0.0000 , 0.0000
        1.180 , 0.0000 , 0.0000 , 0.0003
        1.185 , -0.1373 , 0.4288 , 0.4685
        1.190 , -0.5496 , 1.7167 , 1.8116
        1.195 , -0.5493 , 1.7164 , 1.7954
        1.200 , -0.5490 , 1.7164 , 1.7859
        1.205 , -0.5487 , 1.7164 , 1.7792
        1.210 , -0.5487 , 1.7167 , 1.7716
        1.215 , -0.5487 , 1.7167 , 1.7637
        1.220 , -0.0275 , 0.0855 , 0.1099
        1.225 , 0.0000 , 0.0000 , 0.0000
        1.230 , 0.0000 , 0.0000 , 0.0003
        1.235 , 0.0000 , 0.0000 , 0.0003
        1.240 , -0.5496 , 1.7170 , 1.8229
        1.245 , -0.5490 , 1.7167 , 1.8000
        1.250 , -0.5487 , 1.7167 , 1.7887
        1.255 , -0.5490 , 1.7164 , 1.7808
        1.260 , -0.5487 , 1.7167 , 1.7734
        1.265 , -0.5490 , 1.7164 , 1.7649
        1.270 , -0.1370 , 0.4288 , 0.4401
        1.275 , 0.0003 , 0.0003 , 0.0006
        1.280 , 0.0000 , 0.0000 , 0.0003
        1.285 , -0.0003 , -0.0003 , 0.0000
        1.290 , -0.5496 , 1.7167 , 1.8308
        1.295 , -0.5490 , 1.7164 , 1.8015
        1.300 , -0.5490 , 1.7167 , 1.7896
        1.305 , -0.5490 , 1.7161 , 1.7817
        1.310 , -0.5487 , 1.7167 , 1.7734
        1.315 , -0.5487 , 1.7164 , 1.7652
        1.320 , -0.1645 , 0.5145 , 0.5267
        1.325 , 0.0000 , 0.0000 , 0.0000
        1.330 , -0.0003 , -0.0003 , 0.0003
        1.335 , 0.0000 , -0.0003 , 0.0003
        1.340 , -0.5496 , 1.7164 , 1.8415
        1.345 , -0.5493 , 1.7164 , 1.8033
        1.350 , -0.5490 , 1.7167 , 1.7908
        1.355 , -0.5490 , 1.7164 , 1.7823
        1.360 , -0.5490 , 1.7161 , 1.7740
        1.365 , -0.5487 , 1.7164 , 1.7655
        1.370 , 0.0000 , -0.0003 , 0.0006
        1.375 , 0.0000 , -0.0003 , 0.0000
        1.380 , 0.0000 , 0.0000 , 0.0000
        1.385 , 0.0000 , -0.0003 , 0.0000
        1.390 , -0.5496 , 1.7164 , 1.8278
        1.395 , -0.5490 , 1.7164 , 1.8012
        1.400 , -0.5490 , 1.7164 , 1.7890
        1.405 , -0.5487 , 1.7164 , 1.7808
        1.410 , -0.5490 , 1.7161 , 1.7716
        1.415 , -0.5490 , 1.7167 , 1.7624
        1.420 , 0.0000 , -0.0003 , 0.0003
        1.425 , 0.0000 , 0.0000 , 0.0000
        1.430 , 0.0000 , -0.0003 , 0.0006
        1.435 , 0.0000 , -0.0003 , 0.0000
        1.440 , -0.5493 , 1.7167 , 1.8189
        1.445 , -0.5490 , 1.7164 , 1.7985
        1.450 , -0.5487 , 1.7167 , 1.7875
        1.455 , -0.5490 , 1.7161 , 1.7789
        1.460 , -0.5487 , 1.7164 , 1.7698
        1.465 , -0.5487 , 1.7161 , 1.7585
        1.470 , 0.0000 , 0.0000 , 0.0009
        1.475 , 0.0000 , 0.0000 , 0.0000
        1.480 , 0.0000 , -0.0003 , 0.0003
        1.485 , -0.1056 , 0.1587 , 0.1721
        1.490 , -0.5499 , 1.7164 , 1.8146
        1.495 , -0.5490 , 1.7161 , 1.7969
        1.500 , -0.5490 , 1.7167 , 1.7859
        1.505 , -0.5487 , 1.7161 , 1.7774
        1.510 , -0.5487 , 1.7164 , 1.7676
        1.515 , 0.0000 , 0.0000 , 0.0067
        1.520 , 0.0000 , 0.0000 , 0.0000
        1.525 , 0.0000 , 0.0000 , 0.0000
        1.530 , 0.0000 , 0.0000 , 0.0003
        1.535 , -0.5496 , 1.7164 , 1.8369
        1.540 , -0.5490 , 1.7167 , 1.8030
        1.545 , -0.5490 , 1.7161 , 1.7902
        1.550 , -0.5490 , 1.7167 , 1.7811
        1.555 , -0.5487 , 1.7161 , 1.7722
        1.560 , -0.4941 , 1.5445 , 1.5845
        1.565 , 0.0000 , -0.0003 , 0.0000
        1.570 , 0.0000 , 0.0000 , 0.0000
        1.575 , 0.0000 , 0.0000 , 0.0000
        1.580 , -0.1379 , 0.4285 , 0.4697
        1.585 , -0.5493 , 1.7164 , 1.8128
        1.590 , -0.5490 , 1.7164 , 1.7957
        1.595 , -0.5487 , 1.7161 , 1.7853
        1.600 , -0.5487 , 1.7164 , 1.7762
        1.605 , -0.5487 , 1.7161 , 1.7667
        1.610 , 0.0000 , 0.0000 , 0.0000
        1.615 , -0.0003 , -0.0003 , 0.0000
        1.620 , 0.0000 , 0.0000 , 0.0012
        1.625 , 0.0000 , -0.0003 , 0.0003
        1.630 , -0.5496 , 1.7164 , 1.8329
        1.635 , -0.5490 , 1.7161 , 1.8021
        1.640 , -0.5487 , 1.7164 , 1.7893
        1.645 , -0.5490 , 1.7158 , 1.7801
        1.650 , -0.5484 , 1.7164 , 1.7710
        1.655 , -0.3293 , 1.0294 , 1.0562
        1.660 , -0.0003 , -0.0003 , 0.0000
        1.665 , 0.0000 , 0.0000 , 0.0000
        1.670 , 0.0000 , 0.0000 , 0.0000
        1.675 , -0.2472 , 0.7721 , 0.8860
        1.680 , -0.5493 , 1.7164 , 1.8107
        1.685 , -0.5493 , 1.7161 , 1.7939
        1.690 , -0.5490 , 1.7161 , 1.7838
        1.695 , -0.5487 , 1.7161 , 1.7750
        1.700 , -0.5487 , 1.7164 , 1.7640
        1.705 , -1.1557 , -0.1038 , 4.7380
        1.710 , -1.3453 , -0.1318 , 5.5025
        1.715 , -1.3453 , -0.1318 , 5.4674
        1.720 , -1.3450 , -0.1318 , 5.4430
        1.725 , -1.3450 , -0.1315 , 5.4219
        1.730 , -1.3450 , -0.1315 , 5.4045
        1.735 , -1.3450 , -0.1321 , 5.3871
        1.740 , -1.3450 , -0.1315 , 5.3722
        1.745 , -1.3450 , -0.1315 , 5.3572
        1.750 , -1.3446 , -0.1312 , 5.3435
        1.755 , -1.3450 , -0.1315 , 5.3304
        1.760 , -1.3450 , -0.1315 , 5.3166
        1.765 , -1.3450 , -0.1315 , 5.3047
        1.770 , -1.3446 , -0.1312 , 5.2928
        1.775 , -1.3446 , -0.1312 , 5.2806
        1.780 , -1.3446 , -0.1312 , 5.2696
        1.785 , -1.3446 , -0.1315 , 5.2577
        1.790 , -1.3446 , -0.1315 , 5.2474
        1.795 , -1.3443 , -0.1315 , 5.2361
        1.800 , -1.3450 , -0.1315 , 5.2254
        1.805 , -1.3446 , -0.1315 , 5.2150
        1.810 , -1.3450 , -0.1315 , 5.2043
        1.815 , -1.3450 , -0.1318 , 5.1943
        1.820 , -1.3446 , -0.1312 , 5.1848
        1.825 , -1.3443 , -0.1309 , 5.1756
        1.830 , -1.3443 , -0.1315 , 5.1659
        1.835 , -1.3446 , -0.1312 , 5.1567
        1.840 , -1.3446 , -0.1315 , 5.1473
        1.845 , -1.3446 , -0.1312 , 5.1384
        1.850 , -1.3446 , -0.1312 , 5.1299
        1.855 , -1.3446 , -0.1315 , 5.1204
        1.860 , -1.3446 , -0.1312 , 5.1128
        1.865 , -1.3446 , -0.1315 , 5.1036
        1.870 , -1.3446 , -0.1315 , 5.0957
        1.875 , -1.3446 , -0.1315 , 5.0871
        1.880 , -1.3446 , -0.1315 , 5.0795
        1.885 , -1.3443 , -0.1315 , 5.0722
        1.890 , -1.3443 , -0.1312 , 5.0642
        1.895 , -1.3443 , -0.1312 , 5.0569
        1.900 , -1.3443 , -0.1315 , 5.0493
        1.905 , -1.3440 , -0.1309 , 5.0420
        1.910 , -1.3443 , -0.1312 , 5.0346
        1.915 , -1.3443 , -0.1312 , 5.0270
        1.920 , -1.3440 , -0.1312 , 5.0203
        1.925 , -1.3443 , -0.1309 , 5.0133
        1.930 , -1.3443 , -0.1312 , 5.0066
        1.935 , -1.3443 , -0.1315 , 4.9995
        1.940 , -1.3443 , -0.1312 , 4.9928
        1.945 , -1.3443 , -0.1312 , 4.9873
        1.950 , -1.3443 , -0.1312 , 4.9806
        1.955 , -1.3443 , -0.1315 , 4.9742
        1.960 , -1.3443 , -0.1312 , 4.9681
        1.965 , -1.3443 , -0.1315 , 4.9617
        1.970 , -1.3443 , -0.1309 , 4.9559
        1.975 , -1.3443 , -0.1312 , 4.9498
        1.980 , -1.3440 , -0.1312 , 4.9446
        1.985 , -1.3443 , -0.1315 , 4.9379
        1.990 , -1.3443 , -0.1315 , 4.9324
        1.995 , -1.3440 , -0.1309 , 4.9275
        2.000 , -1.3440 , -0.1309 , 4.9217
        2.005 , -1.3440 , -0.1312 , 4.9162
        2.010 , -1.3443 , -0.1312 , 4.9104
        2.015 , -1.3443 , -0.1315 , 4.9055
        2.020 , -1.3440 , -0.1312 , 4.9007
        2.025 , -1.3443 , -0.1312 , 4.8949
        2.030 , -1.3443 , -0.1312 , 4.8906
        2.035 , -1.3443 , -0.1312 , 4.8854
        2.040 , -1.3443 , -0.1312 , 4.8805
        2.045 , -1.3440 , -0.1312 , 4.8753
        2.050 , -1.3443 , -0.1312 , 4.8708
        2.055 , -1.3443 , -0.1312 , 4.8659
        2.060 , -1.3440 , -0.1309 , 4.8613
        2.065 , -1.3443 , -0.1315 , 4.8570
        2.070 , -1.3440 , -0.1309 , 4.8521
        2.075 , -1.3443 , -0.1312 , 4.8479
        2.080 , -1.3440 , -0.1309 , 4.8436
        2.085 , -1.3443 , -0.1312 , 4.8393
        2.090 , -1.3443 , -0.1312 , 4.8350
        2.095 , -1.3440 , -0.1312 , 4.8308
        2.100 , -1.3440 , -0.1312 , 4.8265
        2.105 , -1.3443 , -0.1312 , 4.8225
        2.110 , -1.3440 , -0.1309 , 4.8189
        2.115 , -1.3440 , -0.1309 , 4.8146
        2.120 , -1.3440 , -0.1309 , 4.8106
        2.125 , -1.3443 , -0.1312 , 4.8070
        2.130 , -1.3443 , -0.1312 , 4.8027
        2.135 , -1.3440 , -0.1312 , 4.7990
        2.140 , -1.3440 , -0.1309 , 4.7954
        2.145 , -1.3440 , -0.1312 , 4.7920
        2.150 , -1.3440 , -0.1309 , 4.7884
        2.155 , -1.3443 , -0.1315 , 4.7841
        2.160 , -1.3440 , -0.1309 , 4.7813
        2.165 , -1.3440 , -0.1309 , 4.7774
        2.170 , -1.3440 , -0.1309 , 4.7746
        2.175 , -1.3443 , -0.1309 , 4.7707
        2.180 , -1.3443 , -0.1312 , 4.7670
        2.185 , -1.3443 , -0.1312 , 4.7639
        2.190 , -1.3440 , -0.1312 , 4.7606
        2.195 , -1.3440 , -0.1312 , 4.7575
        2.200 , -1.3443 , -0.1312 , 4.7539
        2.205 , -1.3443 , -0.1312 , 4.7511
        2.210 , -1.3443 , -0.1312 , 4.7475
        2.215 , -1.3443 , -0.1312 , 4.7444
        2.220 , -1.3440 , -0.1312 , 4.7420
        2.225 , -1.3443 , -0.1309 , 4.7380
        2.230 , -1.3443 , -0.1309 , 4.7359
        2.235 , -1.3443 , -0.1312 , 4.7325
        2.240 , -1.3443 , -0.1309 , 4.7298
        2.245 , -1.3440 , -0.1309 , 4.7270
        2.250 , -1.3440 , -0.1309 , 4.7237
        2.255 , -1.3440 , -0.1309 , 4.7218
        2.260 , -1.3443 , -0.1312 , 4.7185
        2.265 , -1.3443 , -0.1312 , 4.7160
        2.270 , -1.3440 , -0.1309 , 4.7130
        2.275 , -1.3443 , -0.1309 , 4.7099
        2.280 , -1.3440 , -0.1309 , 4.7084
        2.285 , -1.3440 , -0.1309 , 4.7053
        2.290 , -1.3440 , -0.1309 , 4.7029
        2.295 , -1.3440 , -0.1309 , 4.7002
        2.300 , -1.3440 , -0.1306 , 4.6977
        2.305 , -1.3443 , -0.1309 , 4.6953
        2.310 , -1.3443 , -0.1312 , 4.6922
        2.315 , -1.3443 , -0.1312 , 4.6901
        2.320 , -1.3440 , -0.1309 , 4.6879
        2.325 , -1.3443 , -0.1312 , 4.6855
        2.330 , -1.3437 , -0.1309 , 4.6834
        2.335 , -1.3440 , -0.1309 , 4.6806
        2.340 , -1.3440 , -0.1312 , 4.6788
        2.345 , -1.3440 , -0.1309 , 4.6757
        2.350 , -1.3440 , -0.1309 , 4.6745
        2.355 , -1.3440 , -0.1309 , 4.6715
        2.360 , -1.3443 , -0.1309 , 4.6693
        2.365 , -1.3440 , -0.1309 , 4.6675
        2.370 , -1.3440 , -0.1309 , 4.6657
        2.375 , -1.3440 , -0.1309 , 4.6632
        2.380 , -1.3440 , -0.1309 , 4.6611
        2.385 , -1.3440 , -0.1309 , 4.6590
        2.390 , -1.3440 , -0.1309 , 4.6571
        2.395 , -1.3440 , -0.1309 , 4.6547
        2.400 , -1.3443 , -0.1309 , 4.6522
        2.405 , -1.3440 , -0.1309 , 4.6510
        2.410 , -1.3440 , -0.1309 , 4.6486
        2.415 , -1.3440 , -0.1312 , 4.6467
        2.420 , -1.3440 , -0.1306 , 4.6452
        2.425 , -1.3443 , -0.1312 , 4.6428
        2.430 , -1.3440 , -0.1309 , 4.6409
        2.435 , -1.3443 , -0.1312 , 4.6385
        2.440 , -1.3440 , -0.1309 , 4.6370
        2.445 , -1.3440 , -0.1312 , 4.6355
        2.450 , -1.3446 , -0.1315 , 4.6327
        2.455 , -1.3440 , -0.1306 , 4.6321
        2.460 , -1.3443 , -0.1312 , 4.6297
        2.465 , -1.3440 , -0.1309 , 4.6281
        2.470 , -1.3437 , -0.1306 , 4.6266
        2.475 , -1.3440 , -0.1306 , 4.6245
        2.480 , -1.3440 , -0.1306 , 4.6229
        2.485 , -1.3440 , -0.1306 , 4.6211
        2.490 , -1.3440 , -0.1312 , 4.6190
        2.495 , -1.3440 , -0.1309 , 4.6181
        2.500 , -1.3440 , -0.1312 , 4.6153
        2.505 , -1.3437 , -0.1309 , 4.6144
        2.510 , -1.3440 , -0.1309 , 4.6123
        2.515 , -1.3440 , -0.1309 , 4.6107
        2.520 , -1.3440 , -0.1309 , 4.6095
        2.525 , -1.3440 , -0.1306 , 4.6077
        2.530 , -1.3440 , -0.1306 , 4.6068
        2.535 , -1.3440 , -0.1309 , 4.6037
        2.540 , -1.3440 , -0.1309 , 4.6031
        2.545 , -1.3440 , -0.1306 , 4.6019
        2.550 , -1.3443 , -0.1309 , 4.6001
        2.555 , -1.3440 , -0.1309 , 4.5988
        2.560 , -1.3440 , -0.1309 , 4.5970
        2.565 , -1.3440 , -0.1309 , 4.5958
        2.570 , -1.3440 , -0.1309 , 4.5940
        2.575 , -1.3443 , -0.1309 , 4.5921
        2.580 , -1.3440 , -0.1309 , 4.5909
        2.585 , -1.3440 , -0.1306 , 4.5891
        2.590 , -1.3440 , -0.1306 , 4.5878
        2.595 , -1.3443 , -0.1309 , 4.5857
        2.600 , -1.3440 , -0.1306 , 4.5842
        2.605 , -1.3440 , -0.1306 , 4.5830
        2.610 , -1.3440 , -0.1309 , 4.5811
        2.615 , -1.3440 , -0.1309 , 4.5802
        2.620 , -1.3440 , -0.1306 , 4.5787
        2.625 , -1.3440 , -0.1309 , 4.5775
        2.630 , -1.3440 , -0.1309 , 4.5759
        2.635 , -1.3440 , -0.1309 , 4.5750
        2.640 , -1.3440 , -0.1309 , 4.5738
        2.645 , -1.3437 , -0.1306 , 4.5726
        2.650 , -1.3440 , -0.1312 , 4.5711
        2.655 , -1.3440 , -0.1309 , 4.5695
        2.660 , -1.3440 , -0.1306 , 4.5686
        2.665 , -1.3443 , -0.1309 , 4.5671
        2.670 , -1.3440 , -0.1309 , 4.5662
        2.675 , -1.3440 , -0.1306 , 4.5647
        2.680 , -1.3437 , -0.1309 , 4.5634
        2.685 , -1.3440 , -0.1312 , 4.5619
        2.690 , -1.3437 , -0.1306 , 4.5607
        2.695 , -1.3437 , -0.1306 , 4.5595
        2.700 , -1.3440 , -0.1309 , 4.5582
        2.705 , 0.3467 , 0.2680 , 4.3391
        2.710 , 0.9122 , 0.4016 , 4.1929
        2.715 , 0.9119 , 0.4016 , 4.1758
        2.720 , 0.9119 , 0.4016 , 4.1673
        2.725 , 0.9122 , 0.4013 , 4.1606
        2.730 , 0.9119 , 0.4013 , 4.1557
        2.735 , 0.9119 , 0.4013 , 4.1517
        2.740 , 0.9116 , 0.4013 , 4.1478
        2.745 , 0.9122 , 0.4016 , 4.1453
        2.750 , 0.9119 , 0.4013 , 4.1423
        2.755 , 0.9122 , 0.4013 , 4.1401
        2.760 , 0.9119 , 0.4013 , 4.1377
        2.765 , 0.9119 , 0.4013 , 4.1350
        2.770 , 0.9122 , 0.4016 , 4.1331
        2.775 , 0.9119 , 0.4013 , 4.1307
        2.780 , 0.9122 , 0.4016 , 4.1298
        2.785 , 0.9116 , 0.4010 , 4.1273
        2.790 , 0.9119 , 0.4016 , 4.1258
        2.795 , 0.9119 , 0.4013 , 4.1246
        2.800 , 0.9119 , 0.4013 , 4.1224
        2.805 , 0.9119 , 0.4013 , 4.1215
        2.810 , 0.9116 , 0.4013 , 4.1194
        2.815 , 0.9119 , 0.4013 , 4.1182
        2.820 , 0.9122 , 0.4016 , 4.1169
        2.825 , 0.9119 , 0.4013 , 4.1148
        2.830 , 0.9116 , 0.4010 , 4.1139
        2.835 , 0.9122 , 0.4016 , 4.1124
        2.840 , 0.9122 , 0.4013 , 4.1108
        2.845 , 0.9116 , 0.4016 , 4.1096
        2.850 , 0.9119 , 0.4013 , 4.1084
        2.855 , 0.9119 , 0.4013 , 4.1075
        2.860 , 0.9116 , 0.4013 , 4.1057
        2.865 , 0.9119 , 0.4013 , 4.1050
        2.870 , 0.9119 , 0.4013 , 4.1038
        2.875 , 0.9119 , 0.4016 , 4.1020
        2.880 , 0.9119 , 0.4013 , 4.1014
        2.885 , 0.9122 , 0.4013 , 4.1002
        2.890 , 0.9119 , 0.4013 , 4.0989
        2.895 , 0.9119 , 0.4013 , 4.0980
        2.900 , 0.9116 , 0.4010 , 4.0968
        2.905 , 0.9119 , 0.4013 , 4.0962
        2.910 , 0.9116 , 0.4013 , 4.0944
        2.915 , 0.9116 , 0.4013 , 4.0941
        2.920 , 0.9119 , 0.4013 , 4.0925
        2.925 , 0.9119 , 0.4013 , 4.0916
        2.930 , 0.9116 , 0.4013 , 4.0910
        2.935 , 0.9116 , 0.4010 , 4.0895
        2.940 , 0.9119 , 0.4013 , 4.0889
        2.945 , 0.9119 , 0.4013 , 4.0880
        2.950 , 0.9116 , 0.4010 , 4.0870
        2.955 , 0.9113 , 0.4010 , 4.0861
        2.960 , 0.9122 , 0.4013 , 4.0855
        2.965 , 0.9116 , 0.4010 , 4.0846
        2.970 , 0.9116 , 0.4013 , 4.0834
        2.975 , 0.9122 , 0.4013 , 4.0825
        2.980 , 0.9116 , 0.4013 , 4.0815
        2.985 , 0.9119 , 0.4013 , 4.0809
        2.990 , 0.9116 , 0.4016 , 4.0794
        2.995 , 0.9119 , 0.4013 , 4.0791
        3.000 , 0.9119 , 0.4013 , 4.0776
        3.005 , 0.9119 , 0.4013 , 4.0773
        3.010 , 0.9116 , 0.4010 , 4.0757
        3.015 , 0.9113 , 0.4013 , 4.0748
        3.020 , 0.9116 , 0.4010 , 4.0742
        3.025 , 0.9116 , 0.4013 , 4.0730
        3.030 , 0.9119 , 0.4013 , 4.0724
        3.035 , 0.9116 , 0.4007 , 4.0715
        3.040 , 0.9113 , 0.4007 , 4.0699
        3.045 , 0.9119 , 0.4013 , 4.0699
        3.050 , 0.9116 , 0.4013 , 4.0687
        3.055 , 0.9119 , 0.4010 , 4.0684
        3.060 , 0.9116 , 0.4010 , 4.0669
        3.065 , 0.9116 , 0.4010 , 4.0663
        3.070 , 0.9113 , 0.4010 , 4.0657
        3.075 , 0.9116 , 0.4010 , 4.0645
        3.080 , 0.9119 , 0.4013 , 4.0641
        3.085 , 0.9116 , 0.4013 , 4.0626
        3.090 , 0.9113 , 0.4013 , 4.0620
        3.095 , 0.9113 , 0.4007 , 4.0614
        3.100 , 0.9119 , 0.4013 , 4.0605
        3.105 , 0.9116 , 0.4013 , 4.0602
        3.110 , 0.9116 , 0.4010 , 4.0587
        3.115 , 0.9116 , 0.4013 , 4.0584
        3.120 , 0.9116 , 0.4010 , 4.0574
        3.125 , 0.9116 , 0.4013 , 4.0568
        3.130 , 0.9116 , 0.4010 , 4.0562
        3.135 , 0.9116 , 0.4013 , 4.0547
        3.140 , 0.9116 , 0.4010 , 4.0541
        3.145 , 0.9113 , 0.4010 , 4.0535
        3.150 , 0.9119 , 0.4013 , 4.0529
        3.155 , 0.9116 , 0.4013 , 4.0522
        3.160 , 0.9116 , 0.4010 , 4.0507
        3.165 , 0.9113 , 0.4010 , 4.0501
        3.170 , 0.9113 , 0.4010 , 4.0495
        3.175 , 0.9119 , 0.4013 , 4.0492
        3.180 , 0.9113 , 0.4010 , 4.0483
        3.185 , 0.9116 , 0.4010 , 4.0474
        3.190 , 0.9113 , 0.4010 , 4.0464
        3.195 , 0.9116 , 0.4010 , 4.0458
        3.200 , 0.9116 , 0.4013 , 4.0452
        3.205 , 0.9113 , 0.4010 , 4.0443
        3.210 , 0.9116 , 0.4010 , 4.0437
        3.215 , 0.9119 , 0.4013 , 4.0428
        3.220 , 0.9110 , 0.4010 , 4.0419
        3.225 , 0.9113 , 0.4007 , 4.0410
        3.230 , 0.9116 , 0.4010 , 4.0407
        3.235 , 0.9113 , 0.4007 , 4.0397
        3.240 , 0.9116 , 0.4010 , 4.0391
        3.245 , 0.9110 , 0.4007 , 4.0385
        3.250 , 0.9113 , 0.4010 , 4.0376
        3.255 , 0.9113 , 0.4010 , 4.0370
        3.260 , 0.9116 , 0.4013 , 4.0367
        3.265 , 0.9116 , 0.4010 , 4.0352
        3.270 , 0.9119 , 0.4016 , 4.0355
        3.275 , 0.9116 , 0.4010 , 4.0339
        3.280 , 0.9113 , 0.4013 , 4.0333
        3.285 , 0.9116 , 0.4010 , 4.0327
        3.290 , 0.9113 , 0.4007 , 4.0315
        3.295 , 0.9116 , 0.4013 , 4.0318
        3.300 , 0.9116 , 0.4010 , 4.0306
        3.305 , 0.9113 , 0.4007 , 4.0300
        3.310 , 0.9113 , 0.4010 , 4.0291
        3.315 , 0.9110 , 0.4007 , 4.0281
        3.320 , 0.9116 , 0.4010 , 4.0278
        3.325 , 0.9113 , 0.4007 , 4.0269
        3.330 , 0.9113 , 0.4007 , 4.0263
        3.335 , 0.9113 , 0.4010 , 4.0260
        3.340 , 0.9113 , 0.4007 , 4.0248
        3.345 , 0.9113 , 0.4010 , 4.0245
        3.350 , 0.9113 , 0.4007 , 4.0233
        3.355 , 0.9113 , 0.4010 , 4.0233
        3.360 , 0.9116 , 0.4010 , 4.0220
        3.365 , 0.9113 , 0.4013 , 4.0217
        3.370 , 0.9116 , 0.4010 , 4.0211
        3.375 , 0.9113 , 0.4007 , 4.0199
        3.380 , 0.9110 , 0.4010 , 4.0199
        3.385 , 0.9113 , 0.4010 , 4.0187
        3.390 , 0.9113 , 0.4007 , 4.0181
        3.395 , 0.9113 , 0.4010 , 4.0178
        3.400 , 0.9113 , 0.4007 , 4.0165
        3.405 , 0.9113 , 0.4007 , 4.0162
        3.410 , 0.9116 , 0.4010 , 4.0156
        3.415 , 0.9110 , 0.4010 , 4.0150
        3.420 , 0.9113 , 0.4010 , 4.0144
        3.425 , 0.9113 , 0.4010 , 4.0135
        3.430 , 0.9110 , 0.4007 , 4.0129
        3.435 , 0.9113 , 0.4010 , 4.0126
        3.440 , 0.9113 , 0.4010 , 4.0117
        3.445 , 0.9110 , 0.4004 , 4.0104
        3.450 , 0.9113 , 0.4007 , 4.0101
        3.455 , 0.9113 , 0.4007 , 4.0098
        3.460 , 0.9110 , 0.4010 , 4.0086
        3.465 , 0.9113 , 0.4010 , 4.0083
        3.470 , 0.9113 , 0.4010 , 4.0074
        3.475 , 0.9110 , 0.4010 , 4.0071
        3.480 , 0.9113 , 0.4007 , 4.0062
        3.485 , 0.9110 , 0.4007 , 4.0056
        3.490 , 0.9113 , 0.4007 , 4.0049
        3.495 , 0.9110 , 0.4007 , 4.0040
        3.500 , 0.9110 , 0.4007 , 4.0031
        3.505 , 0.9110 , 0.4007 , 4.0028
        3.510 , 0.9107 , 0.4010 , 4.0025
        3.515 , 0.9110 , 0.4007 , 4.0019
        3.520 , 0.9110 , 0.4007 , 4.0010
        3.525 , 0.9113 , 0.4010 , 4.0007
        3.530 , 0.9107 , 0.4007 , 3.9995
        3.535 , 0.9113 , 0.4007 , 3.9995
        3.540 , 0.9110 , 0.4007 , 3.9988
        3.545 , 0.9110 , 0.4007 , 3.9982
        3.550 , 0.9110 , 0.4010 , 3.9976
        3.555 , 0.9113 , 0.4010 , 3.9970
        3.560 , 0.9113 , 0.4007 , 3.9964
        3.565 , 0.9110 , 0.4007 , 3.9958
        3.570 , 0.9113 , 0.4007 , 3.9958
        3.575 , 0.9113 , 0.4007 , 3.9946
        3.580 , 0.9110 , 0.4004 , 3.9940
        3.585 , 0.9116 , 0.4010 , 3.9937
        3.590 , 0.9110 , 0.4007 , 3.9924
        3.595 , 0.9110 , 0.4007 , 3.9930
        3.600 , 0.9110 , 0.4007 , 3.9915
        3.605 , 0.9110 , 0.4007 , 3.9915
        3.610 , 0.9107 , 0.4004 , 3.9903
        3.615 , 0.9110 , 0.4010 , 3.9903
        3.620 , 0.9110 , 0.4007 , 3.9894
        3.625 , 0.9113 , 0.4010 , 3.9888
        3.630 , 0.9110 , 0.4010 , 3.9888
        3.635 , 0.9110 , 0.4007 , 3.9875
        3.640 , 0.9110 , 0.4007 , 3.9869
        3.645 , 0.9107 , 0.4004 , 3.9860
        3.650 , 0.9110 , 0.4007 , 3.9854
        3.655 , 0.9110 , 0.4007 , 3.9854
        3.660 , 0.9110 , 0.4007 , 3.9842
        3.665 , 0.9110 , 0.4004 , 3.9839
        3.670 , 0.9110 , 0.4007 , 3.9836
        3.675 , 0.9110 , 0.4004 , 3.9830
        3.680 , 0.9110 , 0.4010 , 3.9827
        3.685 , 0.9107 , 0.4007 , 3.9817
        3.690 , 0.9110 , 0.4007 , 3.9814
        3.695 , 0.9107 , 0.4004 , 3.9808
        3.700 , 0.9113 , 0.4007 , 3.9802
        3.705 , -0.0757 , 1.2906 , 2.5074
        3.710 , -0.5502 , 1.7170 , 1.8351
        3.715 , -0.5493 , 1.7173 , 1.8262
        3.720 , -0.5496 , 1.7170 , 1.8195
        3.725 , -0.5493 , 1.7173 , 1.8155
        3.730 , -0.5490 , 1.7167 , 1.8122
        3.735 , -0.5487 , 1.7173 , 1.8091
        3.740 , -0.5490 , 1.7170 , 1.8067
        3.745 , -0.5490 , 1.7170 , 1.8043
        3.750 , -0.5490 , 1.7170 , 1.8021
        3.755 , -0.5490 , 1.7167 , 1.8006
        3.760 , -0.5487 , 1.7170 , 1.7985
        3.765 , -0.5490 , 1.7170 , 1.7969
        3.770 , -0.5487 , 1.7170 , 1.7954
        3.775 , -0.5490 , 1.7167 , 1.7942
        3.780 , -0.5490 , 1.7167 , 1.7927
        3.785 , -0.5487 , 1.7170 , 1.7908
        3.790 , -0.5487 , 1.7167 , 1.7899
        3.795 , -0.5490 , 1.7167 , 1.7881
        3.800 , -0.5490 , 1.7167 , 1.7869
        3.805 , -0.5490 , 1.7161 , 1.7853
        3.810 , -0.5490 , 1.7170 , 1.7841
        3.815 , -0.5490 , 1.7167 , 1.7826
        3.820 , -0.5490 , 1.7170 , 1.7817
        3.825 , -0.5490 , 1.7167 , 1.7801
        3.830 , -0.5490 , 1.7164 , 1.7789
        3.835 , -0.5490 , 1.7167 , 1.7771
        3.840 , -0.5487 , 1.7170 , 1.7762
        3.845 , -0.5487 , 1.7167 , 1.7743
        3.850 , -0.5487 , 1.7170 , 1.7728
        3.855 , -0.5487 , 1.7164 , 1.7716
        3.860 , -0.5487 , 1.7170 , 1.7695
        3.865 , -0.5487 , 1.7167 , 1.7676
        3.870 , -0.5490 , 1.7164 , 1.7661
        3.875 , -0.5490 , 1.7170 , 1.7637
        3.880 , -0.5487 , 1.7164 , 1.7612
        3.885 , -0.5487 , 1.7170 , 1.7582
        3.890 , -0.0275 , 0.0855 , 0.0885
        3.895 , 0.0000 , 0.0000 , 0.0003
        3.900 , -0.0003 , -0.0003 , 0.0000
        3.905 , -0.4883 , 1.4542 , 1.5711
        3.910 , -0.5493 , 1.7167 , 1.8073
        3.915 , -0.5490 , 1.7170 , 1.7960
        3.920 , -0.5490 , 1.7167 , 1.7887
        3.925 , -0.5490 , 1.7167 , 1.7838
        3.930 , -0.5487 , 1.7167 , 1.7795
        3.935 , -0.5484 , 1.7170 , 1.7756
        3.940 , -0.5487 , 1.7170 , 1.7716
        3.945 , -0.5487 , 1.7164 , 1.7676
        3.950 , -0.5484 , 1.7170 , 1.7637
        3.955 , -0.5487 , 1.7167 , 1.7591
        3.960 , 0.0000 , 0.0000 , 0.0000
        3.965 , 0.0000 , 0.0000 , 0.0003
        3.970 , -0.0003 , 0.0000 , 0.0003
        3.975 , -0.5496 , 1.7170 , 1.8323
        3.980 , -0.5490 , 1.7170 , 1.8033
        3.985 , -0.5490 , 1.7170 , 1.7927
        3.990 , -0.5490 , 1.7170 , 1.7856
        3.995 , -0.5490 , 1.7167 , 1.7801
        4.000 , -0.5490 , 1.7170 , 1.7753
        4.005 , -0.5487 , 1.7170 , 1.7710
        4.010 , -0.5490 , 1.7167 , 1.7652
        4.015 , -0.5487 , 1.7170 , 1.7597
        4.020 , 0.0000 , -0.0003 , 0.0003
        4.025 , 0.0000 , 0.0000 , 0.0000
        4.030 , 0.0000 , 0.0000 , 0.0003
        4.035 , -0.5747 , 1.7148 , 1.8430
        4.040 , -0.5499 , 1.7164 , 1.8049
        4.045 , -0.5490 , 1.7167 , 1.7933
        4.050 , -0.5490 , 1.7170 , 1.7853
        4.055 , -0.5490 , 1.7167 , 1.7798
        4.060 , -0.5487 , 1.7170 , 1.7740
        4.065 , -0.5490 , 1.7164 , 1.7685
        4.070 , -0.5490 , 1.7167 , 1.7618
        4.075 , 0.0000 , 0.0000 , 0.0003
        4.080 , 0.0000 , -0.0003 , 0.0000
        4.085 , 0.0000 , 0.0000 , 0.0000
        4.090 , -0.4154 , 1.1921 , 1.2922
        4.095 , -0.5493 , 1.7170 , 1.8079
        4.100 , -0.5490 , 1.7170 , 1.7942
        4.105 , -0.5490 , 1.7170 , 1.7859
        4.110 , -0.5487 , 1.7170 , 1.7789
        4.115 , -0.5490 , 1.7167 , 1.7731
        4.120 , -0.5490 , 1.7167 , 1.7667
        4.125 , -0.5487 , 1.7167 , 1.7591
        4.130 , 0.0000 , -0.0003 , 0.0003
        4.135 , 0.0000 , -0.0003 , 0.0000
        4.140 , 0.0000 , -0.0003 , 0.0003
        4.145 , -0.3851 , 1.2015 , 1.2989
        4.150 , -0.5493 , 1.7170 , 1.8070
        4.155 , -0.5490 , 1.7164 , 1.7939
        4.160 , -0.5490 , 1.7170 , 1.7847
        4.165 , -0.5490 , 1.7167 , 1.7780
        4.170 , -0.5487 , 1.7173 , 1.7719
        4.175 , -0.5487 , 1.7170 , 1.7643
        4.180 , 0.0000 , 0.0000 , 0.0015
        4.185 , 0.0000 , 0.0000 , 0.0000
        4.190 , 0.0000 , -0.0003 , 0.0003
        4.195 , -0.0003 , -0.0003 , 0.0000
        4.200 , -0.5493 , 1.7170 , 1.8168
        4.205 , -0.5490 , 1.7167 , 1.7978
        4.210 , -0.5490 , 1.7170 , 1.7878
        4.215 , -0.5490 , 1.7167 , 1.7801
        4.220 , -0.5487 , 1.7167 , 1.7734
        4.225 , -0.5490 , 1.7167 , 1.7655
        4.230 , -0.2744 , 0.8582 , 0.8783
        4.235 , 0.0000 , 0.0000 , 0.0000
        4.240 , 0.0000 , 0.0000 , 0.0006
        4.245 , 0.0000 , 0.0000 , 0.0000
        4.250 , -0.5499 , 1.7170 , 1.8320
        4.255 , -0.5493 , 1.7170 , 1.8024
        4.260 , -0.5490 , 1.7167 , 1.7902
        4.265 , -0.5487 , 1.7167 , 1.7820
        4.270 , -0.5490 , 1.7167 , 1.7747
        4.275 , -0.5487 , 1.7170 , 1.7667
        4.280 , -0.3574 , 1.1170 , 1.0956
        4.285 , 0.0000 , -0.0003 , 0.0000
        4.290 , -0.0003 , -0.0003 , 0.0000
        4.295 , 0.0000 , 0.0000 , 0.0003
        4.300 , -0.5496 , 1.7170 , 1.8445
        4.305 , -0.5493 , 1.7167 , 1.8039
        4.310 , -0.5493 , 1.7167 , 1.7911
        4.315 , -0.5490 , 1.7167 , 1.7826
        4.320 , -0.5487 , 1.7170 , 1.7753
        4.325 , -0.5490 , 1.7167 , 1.7667
        4.330 , -0.3018 , 0.9439 , 0.9671
        4.335 , 0.0000 , 0.0000 , 0.0000
        4.340 , 0.0000 , 0.0000 , 0.0003
        4.345 , 0.0000 , 0.0000 , 0.0003
        4.350 , -0.5942 , 1.7100 , 1.8363
        4.355 , -0.5490 , 1.7170 , 1.8052
        4.360 , -0.5493 , 1.7170 , 1.7917
        4.365 , -0.5490 , 1.7167 , 1.7829
        4.370 , -0.5487 , 1.7167 , 1.7750
        4.375 , -0.5487 , 1.7167 , 1.7667
        4.380 , -0.2741 , 0.8582 , 0.8792
        4.385 , 0.0000 , 0.0000 , 0.0003
        4.390 , 0.0000 , 0.0000 , 0.0000
        4.395 , 0.0000 , 0.0000 , 0.0000
        4.400 , -0.5963 , 1.6218 , 1.7310
        4.405 , -0.5493 , 1.7170 , 1.8055
        4.410 , -0.5493 , 1.7167 , 1.7917
        4.415 , -0.5487 , 1.7167 , 1.7829
        4.420 , -0.5490 , 1.7167 , 1.7750
        4.425 , -0.5490 , 1.7167 , 1.7658
        4.430 , 0.0000 , -0.0003 , 0.0009
        4.435 , 0.0000 , 0.0000 , 0.0000
        4.440 , 0.0000 , -0.0003 , 0.0006
        4.445 , 0.0000 , 0.0000 , 0.0000
        4.450 , -0.5496 , 1.7167 , 1.8299
        4.455 , -0.5493 , 1.7170 , 1.8012
        4.460 , -0.5493 , 1.7170 , 1.7890
        4.465 , -0.5490 , 1.7167 , 1.7808
        4.470 , -0.5490 , 1.7167 , 1.7722
        4.475 , -0.5487 , 1.7167 , 1.7621
        4.480 , 0.0000 , 0.0000 , 0.0003
        4.485 , 0.0000 , -0.0003 , 0.0003
        4.490 , 0.0000 , 0.0000 , 0.0003
        4.495 , 0.0000 , 0.0000 , 0.0000
        4.500 , -0.5499 , 1.7170 , 1.8155
        4.505 , -0.5493 , 1.7167 , 1.7972
        4.510 , -0.5490 , 1.7167 , 1.7866
        4.515 , -0.5490 , 1.7167 , 1.7777
        4.520 , -0.5490 , 1.7167 , 1.7689
        4.525 , -0.5213 , 1.6309 , 1.6694
        4.530 , 0.0000 , 0.0000 , 0.0000
        4.535 , 0.0000 , -0.0003 , 0.0000
        4.540 , 0.0000 , 0.0000 , 0.0000
        4.545 , -0.1099 , 0.3430 , 0.4187
        4.550 , -0.5499 , 1.7170 , 1.8125
        4.555 , -0.5493 , 1.7164 , 1.7957
        4.560 , -0.5493 , 1.7167 , 1.7850
        4.565 , -0.5490 , 1.7167 , 1.7765
        4.570 , -0.5490 , 1.7164 , 1.7670
        4.575 , 0.0000 , 0.0000 , 0.0003
        4.580 , 0.0000 , 0.0000 , 0.0006
        4.585 , -0.0003 , 0.0000 , 0.0000
        4.590 , 0.0000 , 0.0000 , 0.0003
        4.595 , -0.5496 , 1.7170 , 1.8366
        4.600 , -0.5493 , 1.7167 , 1.8027
        4.605 , -0.5493 , 1.7164 , 1.7902
        4.610 , -0.5493 , 1.7170 , 1.7808
        4.615 , -0.5487 , 1.7167 , 1.7719
        4.620 , -0.5487 , 1.7170 , 1.7606
        4.625 , 0.0000 , -0.0003 , 0.0000
        4.630 , -0.0003 , -0.0003 , 0.0003
        4.635 , -0.0003 , -0.0003 , 0.0000
        4.640 , -0.0278 , 0.0851 , 0.0955
        4.645 , -0.5493 , 1.7167 , 1.8152
        4.650 , -0.5490 , 1.7170 , 1.7966
        4.655 , -0.5490 , 1.7167 , 1.7859
        4.660 , -0.5493 , 1.7167 , 1.7765
        4.665 , -0.5493 , 1.7167 , 1.7667
        4.670 , -0.1099 , 0.3430 , 0.3534
        4.675 , 0.0000 , -0.0003 , 0.0000
        4.680 , 0.0000 , 0.0000 , 0.0003
        4.685 , 0.0000 , -0.0003 , 0.0000
        4.690 , -0.4398 , 1.3733 , 1.4832
        4.695 , -0.5496 , 1.7170 , 1.8064
        4.700 , -0.5493 , 1.7170 , 1.7920
        4.705 , -1.0257 , 0.6091 , 4.0782
        4.710 , -1.3453 , -0.1315 , 5.4869
        4.715 , -1.3450 , -0.1318 , 5.4500
        4.720 , -1.3456 , -0.1318 , 5.4237
        4.725 , -1.3456 , -0.1318 , 5.4027
        4.730 , -1.3446 , -0.1315 , 5.3853
        4.735 , -1.3453 , -0.1315 , 5.3682
        4.740 , -1.3446 , -0.1312 , 5.3536
        4.745 , -1.3450 , -0.1315 , 5.3383
        4.750 , -1.3453 , -0.1315 , 5.3246
        4.755 , -1.3450 , -0.1312 , 5.3114
        4.760 , -1.3453 , -0.1318 , 5.2974
        4.765 , -1.3450 , -0.1315 , 5.2861
        4.770 , -1.3450 , -0.1315 , 5.2727
        4.775 , -1.3450 , -0.1312 , 5.2617
        4.780 , -1.3450 , -0.1315 , 5.2492
        4.785 , -1.3450 , -0.1315 , 5.2379
        4.790 , -1.3450 , -0.1315 , 5.2272
        4.795 , -1.3450 , -0.1318 , 5.2159
        4.800 , -1.3450 , -0.1312 , 5.2055
        4.805 , -1.3446 , -0.1312 , 5.1949
        4.810 , -1.3446 , -0.1315 , 5.1842
        4.815 , -1.3450 , -0.1315 , 5.1744
        4.820 , -1.3450 , -0.1315 , 5.1637
        4.825 , -1.3450 , -0.1315 , 5.1546
        4.830 , -1.3450 , -0.1315 , 5.1448
        4.835 , -1.3443 , -0.1312 , 5.1360
        4.840 , -1.3446 , -0.1315 , 5.1268
        4.845 , -1.3450 , -0.1315 , 5.1173
        4.850 , -1.3446 , -0.1312 , 5.1088
        4.855 , -1.3446 , -0.1315 , 5.0996
        4.860 , -1.3446 , -0.1315 , 5.0911
        4.865 , -1.3446 , -0.1312 , 5.0829
        4.870 , -1.3446 , -0.1312 , 5.0749
        4.875 , -1.3446 , -0.1312 , 5.0670
        4.880 , -1.3446 , -0.1312 , 5.0584
        4.885 , -1.3446 , -0.1312 , 5.0511
        4.890 , -1.3446 , -0.1312 , 5.0426
        4.895 , -1.3446 , -0.1312 , 5.0352
        4.900 , -1.3443 , -0.1309 , 5.0276
        4.905 , -1.3443 , -0.1312 , 5.0206
        4.910 , -1.3443 , -0.1309 , 5.0133
        4.915 , -1.3446 , -0.1315 , 5.0053
        4.920 , -1.3446 , -0.1312 , 4.9986
        4.925 , -1.3443 , -0.1312 , 4.9913
        4.930 , -1.3443 , -0.1312 , 4.9846
        4.935 , -1.3446 , -0.1312 , 4.9782
        4.940 , -1.3446 , -0.1312 , 4.9712
        4.945 , -1.3446 , -0.1315 , 4.9654
        4.950 , -1.3446 , -0.1312 , 4.9583
        4.955 , -1.3443 , -0.1312 , 4.9525
        4.960 , -1.3446 , -0.1312 , 4.9452
        4.965 , -1.3443 , -0.1312 , 4.9394
        4.970 , -1.3446 , -0.1315 , 4.9333
        4.975 , -1.3443 , -0.1312 , 4.9272
        4.980 , -1.3443 , -0.1312 , 4.9223
        4.985 , -1.3446 , -0.1312 , 4.9156
        4.990 , -1.3443 , -0.1312 , 4.9104
        4.995 , -1.3443 , -0.1309 , 4.9049
        5.000 , -1.3446 , -0.1315 , 4.8988
