        0.002 , 0.9153 , 0.4004 , 4.2048
        0.004 , 0.9146 , 0.4004 , 4.1993
        0.006 , -0.5518 , 1.7197 , 1.8607
        0.008 , -0.5512 , 1.7194 , 1.8354
        0.010 , -0.5512 , 1.7194 , 1.8278
        0.012 , -0.5509 , 1.7197 , 1.8232
        0.014 , -0.5506 , 1.7194 , 1.8195
        0.016 , -1.3474 , -0.1328 , 5.4936
        0.018 , -1.3474 , -0.1328 , 5.4289
        0.020 , -1.3480 , -0.1337 , 5.4018
        0.022 , -1.3480 , -0.1337 , 5.3847
        0.024 , -1.3471 , -0.1325 , 5.3734
        0.026 , 0.9149 , 0.4001 , 4.2720
        0.028 , 0.9143 , 0.4001 , 4.2283
        0.030 , 0.9146 , 0.4004 , 4.2122
        0.032 , 0.9149 , 0.4001 , 4.2042
        0.034 , 0.9153 , 0.4004 , 4.1987
        0.036 , -0.5515 , 1.7188 , 1.8632
        0.038 , -0.5515 , 1.7191 , 1.8357
        0.040 , -0.5512 , 1.7197 , 1.8281
        0.042 , -0.5509 , 1.7197 , 1.8235
        0.044 , -0.5512 , 1.7185 , 1.8204
        0.046 , -1.3474 , -0.1331 , 5.5004
        0.048 , -1.3477 , -0.1331 , 5.4299
        0.050 , -1.3477 , -0.1331 , 5.4039
        0.052 , -1.3474 , -0.1331 , 5.3874
        0.054 , -1.3471 , -0.1328 , 5.3746
        0.056 , 0.9149 , 0.4001 , 4.2759
        0.058 , 0.9143 , 0.3998 , 4.2293
        0.060 , 0.9143 , 0.3998 , 4.2128
        0.062 , 0.9143 , 0.4001 , 4.2048
        0.064 , 0.9143 , 0.3998 , 4.1981
        0.066 , -0.5515 , 1.7197 , 1.8662
        0.068 , -0.5512 , 1.7191 , 1.8375
        0.070 , -0.5509 , 1.7194 , 1.8287
        0.072 , -0.5506 , 1.7194 , 1.8235
        0.074 , -0.5512 , 1.7191 , 1.8198
        0.076 , -1.3480 , -0.1331 , 5.5058
        0.078 , -1.3474 , -0.1325 , 5.4320
        0.080 , -1.3468 , -0.1325 , 5.4036
        0.082 , -1.3477 , -0.1328 , 5.3856
        0.084 , -1.3477 , -0.1334 , 5.3719
        0.086 , 0.9146 , 0.4001 , 4.2805
        0.088 , 0.9146 , 0.4004 , 4.2308
        0.090 , 0.9140 , 0.4001 , 4.2131
        0.092 , 0.9146 , 0.4001 , 4.2048
        0.094 , 0.9143 , 0.4001 , 4.1997
        0.096 , -0.5515 , 1.7191 , 1.8696
        0.098 , -0.5515 , 1.7194 , 1.8375
        0.100 , -0.5515 , 1.7188 , 1.8278
        0.102 , -0.5521 , 1.7194 , 1.8232
        0.104 , -0.5509 , 1.7191 , 1.8204
        0.106 , -1.3483 , -0.1340 , 5.5135
        0.108 , -1.3477 , -0.1331 , 5.4332
        0.110 , -1.3474 , -0.1331 , 5.4057
        0.112 , -1.3477 , -0.1331 , 5.3887
        0.114 , -1.3477 , -0.1331 , 5.3752
        0.116 , 0.9149 , 0.4010 , 4.2839
        0.118 , 0.9146 , 0.4001 , 4.2311
        0.120 , 0.9149 , 0.4007 , 4.2143
        0.122 , 0.9143 , 0.3998 , 4.2045
        0.124 , 0.9149 , 0.4001 , 4.1984
        0.126 , -0.5518 , 1.7197 , 1.8729
        0.128 , -0.5512 , 1.7188 , 1.8378
        0.130 , -0.5512 , 1.7185 , 1.8287
        0.132 , -0.5509 , 1.7200 , 1.8238
        0.134 , -0.5506 , 1.7200 , 1.8204
        0.136 , -1.3474 , -0.1328 , 5.5223
        0.138 , -1.3477 , -0.1331 , 5.4360
        0.140 , -1.3477 , -0.1340 , 5.4048
        0.142 , -1.3477 , -0.1334 , 5.3887
        0.144 , -1.3471 , -0.1325 , 5.3761
        0.146 , 0.9146 , 0.4001 , 4.2903
        0.148 , 0.9149 , 0.4004 , 4.2326
        0.150 , 0.9146 , 0.4004 , 4.2146
        0.152 , 0.9143 , 0.4004 , 4.2055
        0.154 , 0.9149 , 0.4004 , 4.1990
        0.156 , -0.5518 , 1.7191 , 1.8769
        0.158 , -0.5515 , 1.7194 , 1.8387
        0.160 , -0.5512 , 1.7188 , 1.8290
        0.162 , -0.5512 , 1.7194 , 1.8241
        0.164 , -0.5512 , 1.7191 , 1.8198
        0.166 , -1.3477 , -0.1328 , 5.5293
        0.168 , -1.3474 , -0.1331 , 5.4360
        0.170 , -1.3474 , -0.1328 , 5.4057
        0.172 , -1.3471 , -0.1328 , 5.3896
        0.174 , -1.3468 , -0.1325 , 5.3758
        0.176 , 0.9149 , 0.4004 , 4.2964
        0.178 , 0.9149 , 0.4010 , 4.2344
        0.180 , 0.9149 , 0.4010 , 4.2149
        0.182 , 0.9146 , 0.4004 , 4.2051
        0.184 , 0.9143 , 0.3998 , 4.1993
        0.186 , -0.5512 , 1.7194 , 1.8824
        0.188 , -0.5515 , 1.7197 , 1.8397
        0.190 , -0.5509 , 1.7203 , 1.8293
        0.192 , -0.5502 , 1.7203 , 1.8244
        0.194 , -0.5509 , 1.7188 , 1.8207
        0.196 , -1.3474 , -0.1331 , 5.5419
        0.198 , -1.3474 , -0.1331 , 5.4411
        0.200 , -1.3468 , -0.1325 , 5.4085
        0.202 , -1.3471 , -0.1325 , 5.3905
        0.204 , -1.3474 , -0.1334 , 5.3780
        0.206 , 0.9143 , 0.3998 , 4.3037
        0.208 , 0.9140 , 0.4001 , 4.2351
        0.210 , 0.9146 , 0.3998 , 4.2158
        0.212 , 0.9143 , 0.4001 , 4.2051
        0.214 , 0.9143 , 0.4004 , 4.2006
        0.216 , -0.5502 , 1.7191 , 1.8885
        0.218 , -0.5518 , 1.7197 , 1.8400
        0.220 , -0.5512 , 1.7185 , 1.8296
        0.222 , -0.5506 , 1.7194 , 1.8238
        0.224 , -0.5512 , 1.7200 , 1.8201
        0.226 , -1.3404 , -0.1215 , 5.5513
        0.228 , -1.3474 , -0.1331 , 5.4421
        0.230 , -1.3477 , -0.1337 , 5.4073
        0.232 , -1.3474 , -0.1331 , 5.3905
        0.234 , -1.3477 , -0.1334 , 5.3768
        0.236 , 0.7578 , 0.3616 , 4.3898
        0.238 , 0.9140 , 0.4001 , 4.2369
        0.240 , 0.9143 , 0.3998 , 4.2164
        0.242 , 0.9143 , 0.4001 , 4.2058
        0.244 , 0.9143 , 0.4004 , 4.2003
        0.246 , -0.2591 , 1.4582 , 1.8909
        0.248 , -0.5512 , 1.7197 , 1.8409
        0.250 , -0.5512 , 1.7191 , 1.8299
        0.252 , -0.5506 , 1.7200 , 1.8253
        0.254 , -0.5509 , 1.7194 , 1.8207
        0.256 , -1.1863 , 0.2405 , 4.8103
        0.258 , -1.3480 , -0.1337 , 5.4448
        0.260 , -1.3474 , -0.1328 , 5.4100
        0.262 , -1.3471 , -0.1328 , 5.3905
        0.264 , -1.3474 , -0.1331 , 5.3783
        0.266 , 0.4193 , 0.2829 , 4.5354
        0.268 , 0.9143 , 0.4001 , 4.2384
        0.270 , 0.9146 , 0.4004 , 4.2174
        0.272 , 0.9153 , 0.4004 , 4.2067
        0.274 , 0.9143 , 0.4001 , 4.2003
        0.276 , -0.1340 , 1.3495 , 2.3530
        0.278 , -0.5512 , 1.7194 , 1.8421
        0.280 , -0.5506 , 1.7197 , 1.8302
        0.282 , -0.5512 , 1.7191 , 1.8244
        0.284 , -0.5509 , 1.7194 , 1.8204
        0.286 , -1.0279 , 0.6091 , 4.0648
        0.288 , -1.3474 , -0.1328 , 5.4466
        0.290 , -1.3477 , -0.1325 , 5.4097
        0.292 , -1.3474 , -0.1325 , 5.3920
        0.294 , -1.3474 , -0.1331 , 5.3783
        0.296 , -0.0113 , 0.1816 , 4.7429
        0.298 , 0.9146 , 0.4001 , 4.2396
        0.300 , 0.9146 , 0.4004 , 4.2180
        0.302 , 0.9146 , 0.4001 , 4.2067
        0.304 , 0.9143 , 0.4001 , 4.2000
        0.306 , 0.0903 , 1.1438 , 2.8181
        0.308 , -0.5515 , 1.7203 , 1.8430
        0.310 , -0.5512 , 1.7194 , 1.8308
        0.312 , -0.5509 , 1.7194 , 1.8244
        0.314 , -0.5512 , 1.7194 , 1.8207
        0.316 , -0.8921 , 0.9345 , 3.4864
        0.318 , -1.3480 , -0.1331 , 5.4506
        0.320 , -1.3468 , -0.1328 , 5.4128
        0.322 , -1.3474 , -0.1325 , 5.3914
        0.324 , -1.3477 , -0.1331 , 5.3789
        0.326 , -0.4462 , 0.0790 , 4.9519
        0.328 , 0.9140 , 0.4004 , 4.2424
        0.330 , 0.9143 , 0.4004 , 4.2177
        0.332 , 0.9134 , 0.3995 , 4.2058
        0.334 , 0.9140 , 0.3998 , 4.2003
        0.336 , 0.3415 , 0.9149 , 3.2798
        0.338 , -0.5512 , 1.7194 , 1.8439
        0.340 , -0.5515 , 1.7194 , 1.8305
        0.342 , -0.5515 , 1.7188 , 1.8244
        0.344 , -0.5509 , 1.7194 , 1.8210
        0.346 , -0.8020 , 1.1197 , 3.1883
        0.348 , -1.3480 , -0.1331 , 5.4524
        0.350 , -1.3480 , -0.1334 , 5.4109
        0.352 , -1.3471 , -0.1331 , 5.3935
        0.354 , -1.3480 , -0.1334 , 5.3792
        0.356 , -0.8951 , -0.0266 , 5.3020
        0.358 , 0.9140 , 0.4001 , 4.2433
        0.360 , 0.9146 , 0.4004 , 4.2189
        0.362 , 0.9143 , 0.4001 , 4.2070
        0.364 , 0.9146 , 0.4004 , 4.1997
        0.366 , 0.6275 , 0.6583 , 3.7388
        0.368 , -0.5512 , 1.7191 , 1.8458
        0.370 , -0.5509 , 1.7197 , 1.8308
        0.372 , -0.5512 , 1.7188 , 1.8250
        0.374 , -0.5515 , 1.7194 , 1.8210
        0.376 , -0.6861 , 1.3923 , 2.5538
        0.378 , -1.3477 , -0.1331 , 5.4564
        0.380 , -1.3474 , -0.1331 , 5.4149
        0.382 , -1.3474 , -0.1328 , 5.3941
        0.384 , -1.3474 , -0.1328 , 5.3807
        0.386 , -1.2070 , -0.0995 , 5.5879
        0.388 , 0.9143 , 0.4001 , 4.2454
        0.390 , 0.9146 , 0.4007 , 4.2189
        0.392 , 0.9146 , 0.4007 , 4.2076
        0.394 , 0.9146 , 0.4001 , 4.2003
        0.396 , 0.9140 , 0.3998 , 4.1957
        0.398 , -0.5512 , 1.7203 , 1.8467
        0.400 , -0.5524 , 1.7188 , 1.8302
        0.402 , -0.5515 , 1.7191 , 1.8250
        0.404 , -0.5515 , 1.7191 , 1.8213
        0.406 , -0.5506 , 1.7197 , 1.8186
        0.408 , -1.3477 , -0.1328 , 5.4585
        0.410 , -1.3477 , -0.1334 , 5.4143
        0.412 , -1.3474 , -0.1328 , 5.3945
        0.414 , -1.3480 , -0.1334 , 5.3801
        0.416 , -1.3471 , -0.1331 , 5.3676
        0.418 , 0.9143 , 0.3998 , 4.2479
        0.420 , 0.9140 , 0.3998 , 4.2192
        0.422 , 0.9146 , 0.4004 , 4.2079
        0.424 , 0.9146 , 0.4004 , 4.2009
        0.426 , 0.9143 , 0.4001 , 4.1963
        0.428 , -0.5512 , 1.7188 , 1.8482
        0.430 , -0.5512 , 1.7194 , 1.8320
        0.432 , -0.5506 , 1.7197 , 1.8259
        0.434 , -0.5515 , 1.7185 , 1.8213
        0.436 , -0.5509 , 1.7191 , 1.8189
        0.438 , -1.3474 , -0.1331 , 5.4625
        0.440 , -1.3474 , -0.1328 , 5.4173
        0.442 , -1.3480 , -0.1337 , 5.3941
        0.444 , -1.3465 , -0.1328 , 5.3813
        0.446 , -1.3477 , -0.1328 , 5.3691
        0.448 , 0.9146 , 0.4004 , 4.2500
        0.450 , 0.9143 , 0.4001 , 4.2198
        0.452 , 0.9146 , 0.4004 , 4.2082
        0.454 , 0.9143 , 0.4004 , 4.2012
        0.456 , 0.9143 , 0.4001 , 4.1966
        0.458 , -0.5515 , 1.7194 , 1.8494
        0.460 , -0.5512 , 1.7194 , 1.8320
        0.462 , -0.5512 , 1.7188 , 1.8253
        0.464 , -0.5509 , 1.7194 , 1.8220
        0.466 , -0.5512 , 1.7191 , 1.8183
        0.468 , -1.3477 , -0.1328 , 5.4665
        0.470 , -1.3471 , -0.1331 , 5.4180
        0.472 , -1.3474 , -0.1331 , 5.3957
        0.474 , -1.3474 , -0.1328 , 5.3810
        0.476 , -1.3480 , -0.1334 , 5.3691
        0.478 , 0.9143 , 0.4001 , 4.2524
        0.480 , 0.9140 , 0.3992 , 4.2210
        0.482 , 0.9146 , 0.4001 , 4.2082
        0.484 , 0.9146 , 0.3998 , 4.2009
        0.486 , 0.9149 , 0.4007 , 4.1966
        0.488 , -0.5515 , 1.7194 , 1.8509
        0.490 , -0.5515 , 1.7197 , 1.8323
        0.492 , -0.5515 , 1.7200 , 1.8256
        0.494 , -0.5512 , 1.7185 , 1.8216
        0.496 , -0.5512 , 1.7194 , 1.8186
        0.498 , -1.3480 , -0.1331 , 5.4707
        0.500 , -1.3477 , -0.1328 , 5.4204
        0.502 , -1.3474 , -0.1328 , 5.3975
        0.504 , -1.3480 , -0.1331 , 5.3822
        0.506 , -1.3477 , -0.1334 , 5.3700
        0.508 , 0.9149 , 0.4001 , 4.2555
        0.510 , 0.9146 , 0.4004 , 4.2216
        0.512 , 0.9153 , 0.4007 , 4.2085
        0.514 , 0.9146 , 0.4004 , 4.2009
        0.516 , 0.9143 , 0.4001 , 4.1960
        0.518 , -0.5515 , 1.7200 , 1.8528
        0.520 , -0.5509 , 1.7194 , 1.8326
        0.522 , -0.5506 , 1.7197 , 1.8262
        0.524 , -0.5509 , 1.7191 , 1.8220
        0.526 , -0.5509 , 1.7188 , 1.8186
        0.528 , -1.3486 , -0.1340 , 5.4738
        0.530 , -1.3474 , -0.1328 , 5.4204
        0.532 , -1.3471 , -0.1331 , 5.3981
        0.534 , -1.3477 , -0.1331 , 5.3822
        0.536 , -1.3468 , -0.1318 , 5.3716
        0.538 , 0.9140 , 0.3998 , 4.2579
        0.540 , 0.9143 , 0.4001 , 4.2235
        0.542 , 0.9146 , 0.4001 , 4.2097
        0.544 , 0.9149 , 0.4007 , 4.2027
        0.546 , 0.9140 , 0.3995 , 4.1960
        0.548 , -0.5518 , 1.7200 , 1.8549
        0.550 , -0.5512 , 1.7194 , 1.8332
        0.552 , -0.5502 , 1.7197 , 1.8274
        0.554 , -0.5506 , 1.7188 , 1.8223
        0.556 , -0.5509 , 1.7188 , 1.8192
        0.558 , -1.3480 , -0.1334 , 5.4802
        0.560 , -1.3474 , -0.1331 , 5.4228
        0.562 , -1.3477 , -0.1334 , 5.3981
        0.564 , -1.3477 , -0.1328 , 5.3841
        0.566 , -1.3477 , -0.1331 , 5.3713
        0.568 , 0.9146 , 0.4001 , 4.2613
        0.570 , 0.9146 , 0.4007 , 4.2250
        0.572 , 0.9146 , 0.4001 , 4.2091
        0.574 , 0.9140 , 0.4001 , 4.2012
        0.576 , 0.9143 , 0.4001 , 4.1978
        0.578 , -0.5515 , 1.7191 , 1.8567
        0.580 , -0.5515 , 1.7200 , 1.8345
        0.582 , -0.5512 , 1.7191 , 1.8259
        0.584 , -0.5512 , 1.7188 , 1.8216
        0.586 , -0.5506 , 1.7191 , 1.8192
        0.588 , -1.3477 , -0.1331 , 5.4851
        0.590 , -1.3477 , -0.1331 , 5.4241
        0.592 , -1.3474 , -0.1325 , 5.4003
        0.594 , -1.3477 , -0.1334 , 5.3844
        0.596 , -1.3471 , -0.1328 , 5.3716
        0.598 , 0.9149 , 0.4007 , 4.2644
        0.600 , 0.9143 , 0.4004 , 4.2256
        0.602 , 0.9143 , 0.4007 , 4.2103
        0.604 , 0.9146 , 0.4007 , 4.2027
        0.606 , 0.9140 , 0.3995 , 4.1963
        0.608 , -0.5521 , 1.7191 , 1.8589
        0.610 , -0.5512 , 1.7188 , 1.8351
        0.612 , -0.5509 , 1.7191 , 1.8271
        0.614 , -0.5515 , 1.7188 , 1.8220
        0.616 , -0.5512 , 1.7197 , 1.8189
        0.618 , -1.3477 , -0.1328 , 5.4903
        0.620 , -1.3474 , -0.1331 , 5.4271
        0.622 , -1.3474 , -0.1328 , 5.4009
        0.624 , -1.3471 , -0.1328 , 5.3859
        0.626 , -1.3474 , -0.1331 , 5.3725
        0.628 , 0.9153 , 0.4004 , 4.2689
        0.630 , 0.9143 , 0.4001 , 4.2262
        0.632 , 0.9140 , 0.3998 , 4.2097
        0.634 , 0.9146 , 0.4001 , 4.2018
        0.636 , 0.9153 , 0.4010 , 4.1987
        0.638 , -0.5509 , 1.7197 , 1.8616
        0.640 , -0.5518 , 1.7191 , 1.8354
        0.642 , -0.5515 , 1.7197 , 1.8271
        0.644 , -0.5518 , 1.7179 , 1.8220
        0.646 , -0.5509 , 1.7194 , 1.8195
        0.648 , -1.3477 , -0.1334 , 5.4958
        0.650 , -1.3471 , -0.1325 , 5.4283
        0.652 , -1.3471 , -0.1331 , 5.4018
        0.654 , -1.3474 , -0.1328 , 5.3850
        0.656 , -1.3477 , -0.1334 , 5.3722
        0.658 , 0.9149 , 0.4004 , 4.2711
        0.660 , 0.9153 , 0.4007 , 4.2277
        0.662 , 0.9143 , 0.4001 , 4.2112
        0.664 , 0.9149 , 0.4001 , 4.2033
        0.666 , 0.9146 , 0.4001 , 4.1969
        0.668 , -0.5518 , 1.7197 , 1.8635
        0.670 , -0.5515 , 1.7188 , 1.8354
        0.672 , -0.5512 , 1.7188 , 1.8271
        0.674 , -0.5512 , 1.7203 , 1.8226
        0.676 , -0.5512 , 1.7188 , 1.8189
        0.678 , -1.3477 , -0.1328 , 5.5022
        0.680 , -1.3477 , -0.1331 , 5.4302
        0.682 , -1.3477 , -0.1331 , 5.4012
        0.684 , -1.3468 , -0.1331 , 5.3862
        0.686 , -1.3474 , -0.1331 , 5.3728
        0.688 , 0.9153 , 0.4007 , 4.2756
        0.690 , 0.9146 , 0.4001 , 4.2274
        0.692 , 0.9149 , 0.4004 , 4.2109
        0.694 , 0.9143 , 0.4004 , 4.2024
        0.696 , 0.9143 , 0.4001 , 4.1972
        0.698 , -0.5518 , 1.7197 , 1.8665
        0.700 , -0.5515 , 1.7194 , 1.8366
        0.702 , -0.5509 , 1.7194 , 1.8281
        0.704 , -0.5506 , 1.7191 , 1.8232
        0.706 , -0.5506 , 1.7197 , 1.8192
        0.708 , -1.3471 , -0.1321 , 5.5092
        0.710 , -1.3477 , -0.1334 , 5.4314
        0.712 , -1.3474 , -0.1328 , 5.4036
        0.714 , -1.3471 , -0.1328 , 5.3865
        0.716 , -1.3474 , -0.1331 , 5.3731
        0.718 , 0.9149 , 0.4004 , 4.2796
        0.720 , 0.9149 , 0.4001 , 4.2296
        0.722 , 0.9143 , 0.4001 , 4.2119
        0.724 , 0.9140 , 0.4001 , 4.2024
        0.726 , 0.9146 , 0.4001 , 4.1972
        0.728 , -0.5512 , 1.7191 , 1.8696
        0.730 , -0.5515 , 1.7191 , 1.8372
        0.732 , -0.5512 , 1.7194 , 1.8278
        0.734 , -0.5512 , 1.7191 , 1.8229
        0.736 , -0.5509 , 1.7194 , 1.8198
        0.738 , -1.3471 , -0.1328 , 5.5165
        0.740 , -1.3477 , -0.1331 , 5.4335
        0.742 , -1.3471 , -0.1331 , 5.4036
        0.744 , -1.3471 , -0.1331 , 5.3868
        0.746 , -1.3471 , -0.1331 , 5.3740
        0.748 , 0.9149 , 0.4004 , 4.2851
        0.750 , 0.9143 , 0.4004 , 4.2302
        0.752 , 0.9146 , 0.4001 , 4.2125
        0.754 , 0.9146 , 0.4007 , 4.2042
        0.756 , 0.9137 , 0.4001 , 4.1969
        0.758 , -0.5515 , 1.7197 , 1.8735
        0.760 , -0.5515 , 1.7188 , 1.8372
        0.762 , -0.5515 , 1.7191 , 1.8281
        0.764 , -0.5515 , 1.7188 , 1.8226
        0.766 , -0.5512 , 1.7194 , 1.8195
        0.768 , -1.3477 , -0.1331 , 5.5235
        0.770 , -1.3480 , -0.1331 , 5.4369
        0.772 , -1.3474 , -0.1331 , 5.4051
        0.774 , -1.3477 , -0.1331 , 5.3871
        0.776 , -1.3474 , -0.1328 , 5.3743
        0.778 , 0.9140 , 0.3992 , 4.2900
        0.780 , 0.9146 , 0.4004 , 4.2311
        0.782 , 0.9146 , 0.3998 , 4.2122
        0.784 , 0.9143 , 0.4001 , 4.2024
        0.786 , 0.9143 , 0.4001 , 4.1978
        0.788 , -0.5512 , 1.7197 , 1.8787
        0.790 , -0.5518 , 1.7188 , 1.8384
        0.792 , -0.5512 , 1.7191 , 1.8281
        0.794 , -0.5512 , 1.7197 , 1.8235
        0.796 , -0.5515 , 1.7185 , 1.8192
        0.798 , -1.3474 , -0.1328 , 5.5336
        0.800 , -1.3477 , -0.1334 , 5.4363
        0.802 , -1.3474 , -0.1328 , 5.4048
        0.804 , -1.3477 , -0.1328 , 5.3856
        0.806 , -1.3471 , -0.1331 , 5.3743
        0.808 , 0.9153 , 0.4007 , 4.2982
        0.810 , 0.9149 , 0.4004 , 4.2326
        0.812 , 0.9146 , 0.4004 , 4.2134
        0.814 , 0.9140 , 0.4001 , 4.2042
        0.816 , 0.9146 , 0.3998 , 4.1975
        0.818 , -0.5515 , 1.7188 , 1.8842
        0.820 , -0.5506 , 1.7200 , 1.8394
        0.822 , -0.5515 , 1.7194 , 1.8290
        0.824 , -0.5509 , 1.7200 , 1.8235
        0.826 , -0.5506 , 1.7203 , 1.8201
        0.828 , -1.3474 , -0.1328 , 5.5449
        0.830 , -1.3477 , -0.1328 , 5.4387
        0.832 , -1.3480 , -0.1331 , 5.4064
        0.834 , -1.3477 , -0.1334 , 5.3883
        0.836 , -1.3474 , -0.1331 , 5.3749
        0.838 , 0.9070 , 0.3980 , 4.3071
        0.840 , 0.9143 , 0.4004 , 4.2341
        0.842 , 0.9140 , 0.3998 , 4.2137
        0.844 , 0.9143 , 0.3998 , 4.2045
        0.846 , 0.9149 , 0.4001 , 4.1981
        0.848 , -0.5313 , 1.7017 , 1.8903
        0.850 , -0.5518 , 1.7191 , 1.8400
        0.852 , -0.5515 , 1.7188 , 1.8290
        0.854 , -0.5515 , 1.7194 , 1.8235
        0.856 , -0.5509 , 1.7197 , 1.8201
        0.858 , -1.2864 , -0.0055 , 5.4415
        0.860 , -1.3471 , -0.1331 , 5.4421
        0.862 , -1.3474 , -0.1331 , 5.4073
        0.864 , -1.3471 , -0.1328 , 5.3893
        0.866 , -1.3477 , -0.1328 , 5.3752
        0.868 , 0.4889 , 0.3018 , 4.9461
        0.870 , 0.9149 , 0.4004 , 4.2369
        0.872 , 0.9143 , 0.4001 , 4.2143
        0.874 , 0.9146 , 0.3998 , 4.2051
        0.876 , 0.9143 , 0.4001 , 4.1997
        0.878 , -0.2548 , 1.4518 , 2.3536
        0.880 , -0.5515 , 1.7194 , 1.8406
        0.882 , -0.5512 , 1.7197 , 1.8290
        0.884 , -0.5515 , 1.7188 , 1.8238
        0.886 , -0.5509 , 1.7188 , 1.8204
        0.888 , -1.1728 , 0.2643 , 4.8021
        0.890 , -1.3474 , -0.1328 , 5.4439
        0.892 , -1.3477 , -0.1328 , 5.4079
        0.894 , -1.3474 , -0.1331 , 5.3896
        0.896 , -1.3474 , -0.1331 , 5.3755
        0.898 , 0.2289 , 0.2368 , 4.7063
        0.900 , 0.9149 , 0.4004 , 4.2375
        0.902 , 0.9143 , 0.4001 , 4.2155
        0.904 , 0.9143 , 0.4001 , 4.2039
        0.906 , 0.9140 , 0.4001 , 4.1981
        0.908 , 0.0348 , 1.1905 , 2.6243
        0.910 , -0.5518 , 1.7188 , 1.8406
        0.912 , -0.5509 , 1.7194 , 1.8296
        0.914 , -0.5512 , 1.7188 , 1.8238
        0.916 , -0.5499 , 1.7203 , 1.8213
        0.918 , -1.0251 , 0.6143 , 4.0638
        0.920 , -1.3483 , -0.1340 , 5.4454
        0.922 , -1.3474 , -0.1328 , 5.4082
        0.924 , -1.3477 , -0.1331 , 5.3890
        0.926 , -1.3474 , -0.1334 , 5.3761
        0.928 , -0.0778 , 0.1651 , 4.7676
        0.930 , 0.9143 , 0.4007 , 4.2396
        0.932 , 0.9146 , 0.4004 , 4.2155
        0.934 , 0.9146 , 0.3998 , 4.2045
        0.936 , 0.9140 , 0.3998 , 4.1984
        0.938 , 0.2350 , 1.0181 , 2.8104
        0.940 , -0.5515 , 1.7197 , 1.8424
        0.942 , -0.5509 , 1.7200 , 1.8302
        0.944 , -0.5506 , 1.7188 , 1.8244
        0.946 , -0.5506 , 1.7197 , 1.8207
        0.948 , -0.8686 , 0.9803 , 3.3177
        0.950 , -1.3477 , -0.1328 , 5.4494
        0.952 , -1.3477 , -0.1331 , 5.4109
        0.954 , -1.3474 , -0.1331 , 5.3908
        0.956 , -1.3474 , -0.1334 , 5.3764
        0.958 , -0.4666 , 0.0745 , 4.9550
        0.960 , 0.9143 , 0.4004 , 4.2402
        0.962 , 0.9146 , 0.3998 , 4.2170
        0.964 , 0.9146 , 0.4007 , 4.2048
        0.966 , 0.9149 , 0.4007 , 4.1984
        0.968 , 0.4047 , 0.8621 , 3.2771
        0.970 , -0.5512 , 1.7200 , 1.8436
        0.972 , -0.5512 , 1.7197 , 1.8299
        0.974 , -0.5509 , 1.7200 , 1.8244
        0.976 , -0.5512 , 1.7191 , 1.8204
        0.978 , -0.7111 , 1.3504 , 2.4296
        0.980 , -1.3477 , -0.1328 , 5.4524
        0.982 , -1.3477 , -0.1328 , 5.4112
        0.984 , -1.3477 , -0.1331 , 5.3905
        0.986 , -1.3477 , -0.1331 , 5.3774
        0.988 , -0.9015 , -0.0278 , 5.1601
        0.990 , 0.9149 , 0.4010 , 4.2430
        0.992 , 0.9137 , 0.3998 , 4.2161
        0.994 , 0.9140 , 0.4001 , 4.2048
        0.996 , 0.9140 , 0.3998 , 4.1978
        0.998 , 0.6375 , 0.6500 , 3.7376
        1.000 , -0.5512 , 1.7197 , 1.8448
        1.002 , -0.5506 , 1.7191 , 1.8308
        1.004 , -0.5509 , 1.7197 , 1.8250
        1.006 , -0.5509 , 1.7194 , 1.8204
        1.008 , -0.6461 , 1.4835 , 2.4458
        1.010 , -1.3477 , -0.1328 , 5.4540
        1.012 , -1.3474 , -0.1337 , 5.4134
        1.014 , -1.3474 , -0.1337 , 5.3917
        1.016 , -1.3471 , -0.1328 , 5.3780
        1.018 , -1.3404 , -0.1303 , 5.6020
        1.020 , 0.9149 , 0.4001 , 4.2442
        1.022 , 0.9143 , 0.3998 , 4.2174
        1.024 , 0.9140 , 0.3992 , 4.2042
        1.026 , 0.9143 , 0.4004 , 4.1984
        1.028 , 0.9137 , 0.3995 , 4.1942
        1.030 , -0.5509 , 1.7203 , 1.8467
        1.032 , -0.5512 , 1.7191 , 1.8305
        1.034 , -0.5512 , 1.7188 , 1.8241
        1.036 , -0.5506 , 1.7191 , 1.8216
        1.038 , -0.5509 , 1.7197 , 1.8177
        1.040 , -1.3477 , -0.1331 , 5.4582
        1.042 , -1.3480 , -0.1334 , 5.4134
        1.044 , -1.3480 , -0.1334 , 5.3926
        1.046 , -1.3474 , -0.1334 , 5.3789
        1.048 , -1.3477 , -0.1328 , 5.3664
        1.050 , 0.9149 , 0.4010 , 4.2467
        1.052 , 0.9143 , 0.4001 , 4.2180
        1.054 , 0.9140 , 0.3998 , 4.2058
        1.056 , 0.9146 , 0.4001 , 4.1987
        1.058 , 0.9146 , 0.4004 , 4.1945
        1.060 , -0.5518 , 1.7191 , 1.8473
        1.062 , -0.5515 , 1.7200 , 1.8311
        1.064 , -0.5518 , 1.7191 , 1.8244
        1.066 , -0.5509 , 1.7197 , 1.8210
        1.068 , -0.5512 , 1.7188 , 1.8174
        1.070 , -1.3477 , -0.1334 , 5.4622
        1.072 , -1.3480 , -0.1334 , 5.4149
        1.074 , -1.3471 , -0.1331 , 5.3935
        1.076 , -1.3474 , -0.1331 , 5.3786
        1.078 , -1.3468 , -0.1328 , 5.3679
        1.080 , 0.9146 , 0.4007 , 4.2488
        1.082 , 0.9140 , 0.3998 , 4.2186
        1.084 , 0.9143 , 0.4001 , 4.2064
        1.086 , 0.9143 , 0.4004 , 4.1993
        1.088 , 0.9146 , 0.4004 , 4.1951
        1.090 , -0.5515 , 1.7194 , 1.8488
        1.092 , -0.5515 , 1.7200 , 1.8317
        1.094 , -0.5509 , 1.7185 , 1.8250
        1.096 , -0.5509 , 1.7200 , 1.8207
        1.098 , -0.5509 , 1.7200 , 1.8183
        1.100 , -1.3477 , -0.1334 , 5.4653
        1.102 , -1.3471 , -0.1328 , 5.4164
        1.104 , -1.3477 , -0.1331 , 5.3923
        1.106 , -1.3477 , -0.1328 , 5.3789
        1.108 , -1.3474 , -0.1331 , 5.3676
        1.110 , 0.9146 , 0.4001 , 4.2512
        1.112 , 0.9140 , 0.4001 , 4.2195
        1.114 , 0.9143 , 0.4001 , 4.2064
        1.116 , 0.9140 , 0.3998 , 4.1987
        1.118 , 0.9137 , 0.4001 , 4.1948
        1.120 , -0.5515 , 1.7191 , 1.8503
        1.122 , -0.5512 , 1.7191 , 1.8317
        1.124 , -0.5512 , 1.7194 , 1.8250
        1.126 , -0.5512 , 1.7194 , 1.8204
        1.128 , -0.5506 , 1.7194 , 1.8180
        1.130 , -1.3474 , -0.1331 , 5.4683
        1.132 , -1.3477 , -0.1331 , 5.4189
        1.134 , -1.3471 , -0.1325 , 5.3957
        1.136 , -1.3474 , -0.1328 , 5.3807
        1.138 , -1.3477 , -0.1334 , 5.3670
        1.140 , 0.9149 , 0.4007 , 4.2540
        1.142 , 0.9143 , 0.4001 , 4.2201
        1.144 , 0.9143 , 0.3998 , 4.2058
        1.146 , 0.9146 , 0.4004 , 4.2003
        1.148 , 0.9143 , 0.4010 , 4.1951
        1.150 , -0.5512 , 1.7197 , 1.8522
        1.152 , -0.5518 , 1.7188 , 1.8317
        1.154 , -0.5512 , 1.7191 , 1.8256
        1.156 , -0.5512 , 1.7191 , 1.8207
        1.158 , -0.5502 , 1.7200 , 1.8183
        1.160 , -1.3474 , -0.1328 , 5.4738
        1.162 , -1.3474 , -0.1325 , 5.4201
        1.164 , -1.3474 , -0.1328 , 5.3960
        1.166 , -1.3477 , -0.1331 , 5.3810
        1.168 , -1.3474 , -0.1328 , 5.3688
        1.170 , 0.9143 , 0.4004 , 4.2570
        1.172 , 0.9146 , 0.4004 , 4.2210
        1.174 , 0.9146 , 0.4004 , 4.2085
        1.176 , 0.9143 , 0.3998 , 4.1993
        1.178 , 0.9149 , 0.3998 , 4.1945
        1.180 , -0.5512 , 1.7200 , 1.8546
        1.182 , -0.5512 , 1.7200 , 1.8326
        1.184 , -0.5509 , 1.7200 , 1.8259
        1.186 , -0.5509 , 1.7188 , 1.8216
        1.188 , -0.5521 , 1.7188 , 1.8174
        1.190 , -1.3477 , -0.1331 , 5.4796
        1.192 , -1.3477 , -0.1331 , 5.4216
        1.194 , -1.3474 , -0.1331 , 5.3969
        1.196 , -1.3474 , -0.1328 , 5.3807
        1.198 , -1.3480 , -0.1331 , 5.3694
        1.200 , 0.9143 , 0.3998 , 4.2586
        1.202 , 0.9146 , 0.4007 , 4.2219
        1.204 , 0.9146 , 0.4001 , 4.2085
        1.206 , 0.9146 , 0.4001 , 4.1997
        1.208 , 0.9143 , 0.4007 , 4.1945
        1.210 , -0.5515 , 1.7188 , 1.8564
        1.212 , -0.5512 , 1.7197 , 1.8339
        1.214 , -0.5515 , 1.7194 , 1.8253
        1.216 , -0.5512 , 1.7194 , 1.8216
        1.218 , -0.5509 , 1.7188 , 1.8183
        1.220 , -1.3477 , -0.1337 , 5.4839
        1.222 , -1.3477 , -0.1331 , 5.4228
        1.224 , -1.3474 , -0.1328 , 5.3978
        1.226 , -1.3474 , -0.1334 , 5.3822
        1.228 , -1.3477 , -0.1328 , 5.3700
        1.230 , 0.9149 , 0.4001 , 4.2631
        1.232 , 0.9143 , 0.4001 , 4.2225
        1.234 , 0.9140 , 0.4001 , 4.2073
        1.236 , 0.9143 , 0.4001 , 4.2012
        1.238 , 0.9134 , 0.4004 , 4.1957
        1.240 , -0.5515 , 1.7200 , 1.8580
        1.242 , -0.5512 , 1.7194 , 1.8342
        1.244 , -0.5509 , 1.7185 , 1.8259
        1.246 , -0.5512 , 1.7188 , 1.8220
        1.248 , -0.5515 , 1.7191 , 1.8183
        1.250 , -1.3477 , -0.1331 , 5.4884
        1.252 , -1.3468 , -0.1328 , 5.4247
        1.254 , -1.3477 , -0.1331 , 5.3978
        1.256 , -1.3474 , -0.1331 , 5.3813
        1.258 , -1.3471 , -0.1331 , 5.3697
        1.260 , 0.9146 , 0.4004 , 4.2674
        1.262 , 0.9149 , 0.4007 , 4.2262
        1.264 , 0.9140 , 0.4001 , 4.2085
        1.266 , 0.9140 , 0.3992 , 4.1993
        1.268 , 0.9143 , 0.3998 , 4.1963
        1.270 , -0.5512 , 1.7197 , 1.8607
        1.272 , -0.5509 , 1.7203 , 1.8345
        1.274 , -0.5521 , 1.7185 , 1.8256
        1.276 , -0.5512 , 1.7185 , 1.8213
        1.278 , -0.5509 , 1.7194 , 1.8189
        1.280 , -1.3474 , -0.1328 , 5.4939
        1.282 , -1.3474 , -0.1328 , 5.4259
        1.284 , -1.3471 , -0.1328 , 5.3978
        1.286 , -1.3474 , -0.1331 , 5.3825
        1.288 , -1.3474 , -0.1331 , 5.3700
        1.290 , 0.9143 , 0.4001 , 4.2705
        1.292 , 0.9143 , 0.4001 , 4.2241
        1.294 , 0.9149 , 0.4004 , 4.2100
        1.296 , 0.9143 , 0.4004 , 4.2009
        1.298 , 0.9149 , 0.4010 , 4.1963
        1.300 , -0.5515 , 1.7188 , 1.8635
        1.302 , -0.5512 , 1.7194 , 1.8351
        1.304 , -0.5509 , 1.7197 , 1.8268
        1.306 , -0.5515 , 1.7194 , 1.8213
        1.308 , -0.5506 , 1.7197 , 1.8186
        1.310 , -1.3477 , -0.1331 , 5.4988
        1.312 , -1.3474 , -0.1331 , 5.4274
        1.314 , -1.3474 , -0.1328 , 5.3993
        1.316 , -1.3474 , -0.1328 , 5.3825
        1.318 , -1.3474 , -0.1334 , 5.3694
        1.320 , 0.9140 , 0.4004 , 4.2756
        1.322 , 0.9143 , 0.4001 , 4.2274
        1.324 , 0.9140 , 0.3998 , 4.2094
        1.326 , 0.9149 , 0.4010 , 4.2027
        1.328 , 0.9146 , 0.4004 , 4.1963
        1.330 , -0.5518 , 1.7191 , 1.8668
        1.332 , -0.5512 , 1.7188 , 1.8357
        1.334 , -0.5512 , 1.7200 , 1.8268
        1.336 , -0.5509 , 1.7194 , 1.8232
        1.338 , -0.5509 , 1.7191 , 1.8189
        1.340 , -1.3477 , -0.1328 , 5.5071
        1.342 , -1.3474 , -0.1331 , 5.4289
        1.344 , -1.3474 , -0.1328 , 5.4015
        1.346 , -1.3474 , -0.1328 , 5.3844
        1.348 , -1.3468 , -0.1331 , 5.3716
        1.350 , 0.9146 , 0.4001 , 4.2799
        1.352 , 0.9143 , 0.4001 , 4.2280
        1.354 , 0.9140 , 0.3998 , 4.2103
        1.356 , 0.9140 , 0.4004 , 4.2009
        1.358 , 0.9143 , 0.4001 , 4.1951
        1.360 , -0.5515 , 1.7191 , 1.8702
        1.362 , -0.5512 , 1.7194 , 1.8363
        1.364 , -0.5509 , 1.7203 , 1.8271
        1.366 , -0.5509 , 1.7200 , 1.8220
        1.368 , -0.5506 , 1.7200 , 1.8189
        1.370 , -1.3480 , -0.1334 , 5.5162
        1.372 , -1.3477 , -0.1337 , 5.4317
        1.374 , -1.3477 , -0.1328 , 5.4018
        1.376 , -1.3471 , -0.1328 , 5.3844
        1.378 , -1.3474 , -0.1328 , 5.3725
        1.380 , 0.9149 , 0.4004 , 4.2842
        1.382 , 0.9146 , 0.4004 , 4.2283
        1.384 , 0.9143 , 0.4004 , 4.2106
        1.386 , 0.9149 , 0.4004 , 4.2012
        1.388 , 0.9149 , 0.4004 , 4.1963
        1.390 , -0.5515 , 1.7197 , 1.8738
        1.392 , -0.5521 , 1.7191 , 1.8372
        1.394 , -0.5518 , 1.7188 , 1.8268
        1.396 , -0.5512 , 1.7191 , 1.8226
        1.398 , -0.5509 , 1.7191 , 1.8192
        1.400 , -1.3480 , -0.1340 , 5.5235
        1.402 , -1.3471 , -0.1328 , 5.4341
        1.404 , -1.3474 , -0.1328 , 5.4024
        1.406 , -1.3474 , -0.1328 , 5.3844
        1.408 , -1.3474 , -0.1331 , 5.3716
        1.410 , 0.9149 , 0.4001 , 4.2906
        1.412 , 0.9146 , 0.4001 , 4.2302
        1.414 , 0.9140 , 0.4001 , 4.2106
        1.416 , 0.9128 , 0.3998 , 4.2006
        1.418 , 0.9143 , 0.4001 , 4.1966
        1.420 , -0.5509 , 1.7197 , 1.8790
        1.422 , -0.5512 , 1.7194 , 1.8378
        1.424 , -0.5515 , 1.7191 , 1.8278
        1.426 , -0.5502 , 1.7197 , 1.8232
        1.428 , -0.5506 , 1.7197 , 1.8198
        1.430 , -1.3474 , -0.1328 , 5.5333
        1.432 , -1.3474 , -0.1331 , 5.4353
        1.434 , -1.3474 , -0.1331 , 5.4042
        1.436 , -1.3474 , -0.1331 , 5.3862
        1.438 , -1.3474 , -0.1328 , 5.3731
        1.440 , 0.9149 , 0.4001 , 4.2982
        1.442 , 0.9143 , 0.4001 , 4.2326
        1.444 , 0.9143 , 0.4007 , 4.2128
        1.446 , 0.9146 , 0.4004 , 4.2027
        1.448 , 0.9146 , 0.4004 , 4.1963
        1.450 , -0.5512 , 1.7200 , 1.8842
        1.452 , -0.5515 , 1.7191 , 1.8387
        1.454 , -0.5512 , 1.7191 , 1.8281
        1.456 , -0.5515 , 1.7194 , 1.8226
        1.458 , -0.5509 , 1.7194 , 1.8192
        1.460 , -1.3471 , -0.1321 , 5.5449
        1.462 , -1.3474 , -0.1331 , 5.4378
        1.464 , -1.3474 , -0.1328 , 5.4033
        1.466 , -1.3477 , -0.1328 , 5.3853
        1.468 , -1.3471 , -0.1331 , 5.3734
        1.470 , 0.8982 , 0.3961 , 4.3098
        1.472 , 0.9143 , 0.4001 , 4.2329
        1.474 , 0.9146 , 0.4004 , 4.2122
        1.476 , 0.9143 , 0.3995 , 4.2015
        1.478 , 0.9146 , 0.3995 , 4.1966
        1.480 , -0.5090 , 1.6828 , 1.8903
        1.482 , -0.5515 , 1.7194 , 1.8390
        1.484 , -0.5515 , 1.7191 , 1.8281
        1.486 , -0.5502 , 1.7191 , 1.8235
        1.488 , -0.5521 , 1.7182 , 1.8186
        1.490 , -1.2323 , 0.1349 , 5.1497
        1.492 , -1.3474 , -0.1328 , 5.4396
        1.494 , -1.3465 , -0.1321 , 5.4064
        1.496 , -1.3471 , -0.1328 , 5.3871
        1.498 , -1.3474 , -0.1331 , 5.3731
        1.500 , 0.4581 , 0.2930 , 4.5204
        1.502 , 0.9143 , 0.4001 , 4.2354
        1.504 , 0.9140 , 0.3998 , 4.2134
        1.506 , 0.9140 , 0.3995 , 4.2015
        1.508 , 0.9146 , 0.3998 , 4.1963
        1.510 , -0.2457 , 1.4444 , 2.3539
        1.512 , -0.5518 , 1.7188 , 1.8406
        1.514 , -0.5512 , 1.7200 , 1.8287
        1.516 , -0.5512 , 1.7194 , 1.8229
        1.518 , -0.5509 , 1.7191 , 1.8198
        1.520 , -1.1420 , 0.3284 , 4.7462
        1.522 , -1.3477 , -0.1334 , 5.4424
        1.524 , -1.3474 , -0.1331 , 5.4067
        1.526 , -1.3474 , -0.1328 , 5.3868
        1.528 , -1.3474 , -0.1331 , 5.3749
        1.530 , 0.0772 , 0.2054 , 5.3545
        1.532 , 0.9146 , 0.4001 , 4.2360
        1.534 , 0.9143 , 0.4004 , 4.2137
        1.536 , 0.9146 , 0.4007 , 4.2030
        1.538 , 0.9143 , 0.4001 , 4.1969
        1.540 , 0.0375 , 1.1890 , 2.8153
        1.542 , -0.5515 , 1.7191 , 1.8409
        1.544 , -0.5506 , 1.7197 , 1.8299
        1.546 , -0.5509 , 1.7191 , 1.8235
        1.548 , -0.5515 , 1.7188 , 1.8192
        1.550 , -1.0138 , 0.6345 , 4.0577
        1.552 , -1.3480 , -0.1331 , 5.4454
        1.554 , -1.3477 , -0.1325 , 5.4091
        1.556 , -1.3471 , -0.1325 , 5.3887
        1.558 , -1.3474 , -0.1328 , 5.3746
        1.560 , -0.2588 , 0.1221 , 5.0005
        1.562 , 0.9143 , 0.4001 , 4.2378
        1.564 , 0.9146 , 0.4001 , 4.2149
        1.566 , 0.9140 , 0.4001 , 4.2033
        1.568 , 0.9146 , 0.4001 , 4.1969
        1.570 , 0.3296 , 0.9275 , 3.2756
        1.572 , -0.5515 , 1.7191 , 1.8421
        1.574 , -0.5506 , 1.7197 , 1.8296
        1.576 , -0.5509 , 1.7191 , 1.8235
        1.578 , -0.5509 , 1.7188 , 1.8201
        1.580 , -0.8652 , 0.9854 , 3.3183
        1.582 , -1.3480 , -0.1334 , 5.4479
        1.584 , -1.3483 , -0.1334 , 5.4094
        1.586 , -1.3471 , -0.1328 , 5.3896
        1.588 , -1.3477 , -0.1331 , 5.3755
        1.590 , -0.5310 , 0.0580 , 4.9776
        1.592 , 0.9149 , 0.4004 , 4.2402
        1.594 , 0.9143 , 0.3998 , 4.2152
        1.596 , 0.9143 , 0.4004 , 4.2039
        1.598 , 0.9143 , 0.3998 , 4.1969
        1.600 , 0.5591 , 0.7270 , 3.2685
        1.602 , -0.5515 , 1.7197 , 1.8433
        1.604 , -0.5515 , 1.7185 , 1.8293
        1.606 , -0.5515 , 1.7194 , 1.8232
        1.608 , -0.5512 , 1.7197 , 1.8198
        1.610 , -0.7086 , 1.3507 , 2.5697
        1.612 , -1.3474 , -0.1328 , 5.4524
        1.614 , -1.3480 , -0.1337 , 5.4103
        1.616 , -1.3477 , -0.1331 , 5.3902
        1.618 , -1.3471 , -0.1331 , 5.3761
        1.620 , -0.9403 , -0.0375 , 5.1686
        1.622 , 0.9146 , 0.3998 , 4.2424
        1.624 , 0.9146 , 0.4001 , 4.2155
        1.626 , 0.9143 , 0.4001 , 4.2036
        1.628 , 0.9140 , 0.4001 , 4.1978
        1.630 , 0.7358 , 0.5658 , 3.7336
        1.632 , -0.5512 , 1.7194 , 1.8445
        1.634 , -0.5509 , 1.7203 , 1.8302
        1.636 , -0.5515 , 1.7194 , 1.8238
        1.638 , -0.5509 , 1.7194 , 1.8198
        1.640 , -0.5509 , 1.7191 , 1.8174
        1.642 , -1.3474 , -0.1331 , 5.4546
        1.644 , -1.3474 , -0.1331 , 5.4122
        1.646 , -1.3471 , -0.1331 , 5.3920
        1.648 , -1.3471 , -0.1331 , 5.3771
        1.650 , -1.3477 , -0.1334 , 5.3652
        1.652 , 0.9143 , 0.4001 , 4.2430
        1.654 , 0.9149 , 0.4007 , 4.2164
        1.656 , 0.9149 , 0.4007 , 4.2048
        1.658 , 0.9146 , 0.3998 , 4.1972
        1.660 , 0.9137 , 0.3998 , 4.1932
        1.662 , -0.5512 , 1.7197 , 1.8464
        1.664 , -0.5512 , 1.7194 , 1.8302
        1.666 , -0.5506 , 1.7197 , 1.8238
        1.668 , -0.5509 , 1.7194 , 1.8198
        1.670 , -0.5509 , 1.7188 , 1.8168
        1.672 , -1.3477 , -0.1331 , 5.4588
        1.674 , -1.3474 , -0.1331 , 5.4131
        1.676 , -1.3474 , -0.1328 , 5.3917
        1.678 , -1.3471 , -0.1331 , 5.3774
        1.680 , -1.3477 , -0.1331 , 5.3661
        1.682 , 0.9146 , 0.4001 , 4.2463
        1.684 , 0.9146 , 0.4004 , 4.2164
        1.686 , 0.9140 , 0.4001 , 4.2042
        1.688 , 0.9143 , 0.4001 , 4.1981
        1.690 , 0.9140 , 0.4001 , 4.1935
        1.692 , -0.5512 , 1.7200 , 1.8473
        1.694 , -0.5512 , 1.7191 , 1.8308
        1.696 , -0.5512 , 1.7188 , 1.8244
        1.698 , -0.5512 , 1.7197 , 1.8204
        1.700 , -0.5512 , 1.7194 , 1.8171
        1.702 , -1.3474 , -0.1328 , 5.4619
        1.704 , -1.3468 , -0.1328 , 5.4149
        1.706 , -1.3477 , -0.1331 , 5.3926
        1.708 , -1.3477 , -0.1334 , 5.3764
        1.710 , -1.3471 , -0.1328 , 5.3655
        1.712 , 0.9146 , 0.4004 , 4.2479
        1.714 , 0.9140 , 0.3998 , 4.2174
        1.716 , 0.9149 , 0.4001 , 4.2058
        1.718 , 0.9143 , 0.4001 , 4.1978
        1.720 , 0.9140 , 0.3998 , 4.1935
        1.722 , -0.5512 , 1.7197 , 1.8488
        1.724 , -0.5512 , 1.7191 , 1.8308
        1.726 , -0.5512 , 1.7191 , 1.8244
        1.728 , -0.5509 , 1.7188 , 1.8207
        1.730 , -0.5506 , 1.7197 , 1.8174
        1.732 , -1.3474 , -0.1331 , 5.4665
        1.734 , -1.3477 , -0.1328 , 5.4158
        1.736 , -1.3477 , -0.1328 , 5.3929
        1.738 , -1.3474 , -0.1328 , 5.3777
        1.740 , -1.3477 , -0.1331 , 5.3661
        1.742 , 0.9146 , 0.4004 , 4.2503
        1.744 , 0.9143 , 0.4001 , 4.2186
        1.746 , 0.9146 , 0.4001 , 4.2055
        1.748 , 0.9143 , 0.4001 , 4.1978
        1.750 , 0.9146 , 0.3998 , 4.1939
        1.752 , -0.5515 , 1.7185 , 1.8497
        1.754 , -0.5512 , 1.7194 , 1.8320
        1.756 , -0.5518 , 1.7191 , 1.8235
        1.758 , -0.5506 , 1.7203 , 1.8207
        1.760 , -0.5506 , 1.7188 , 1.8171
        1.762 , -1.3480 , -0.1334 , 5.4695
        1.764 , -1.3474 , -0.1325 , 5.4170
        1.766 , -1.3471 , -0.1325 , 5.3951
        1.768 , -1.3465 , -0.1321 , 5.3795
        1.770 , -1.3471 , -0.1328 , 5.3676
        1.772 , 0.9146 , 0.4001 , 4.2546
        1.774 , 0.9140 , 0.4007 , 4.2192
        1.776 , 0.9146 , 0.3998 , 4.2064
        1.778 , 0.9143 , 0.4004 , 4.1981
        1.780 , 0.9140 , 0.3995 , 4.1939
        1.782 , -0.5515 , 1.7197 , 1.8522
        1.784 , -0.5515 , 1.7191 , 1.8320
        1.786 , -0.5512 , 1.7191 , 1.8250
        1.788 , -0.5509 , 1.7197 , 1.8207
        1.790 , -0.5512 , 1.7191 , 1.8171
        1.792 , -1.3477 , -0.1331 , 5.4738
        1.794 , -1.3471 , -0.1331 , 5.4189
        1.796 , -1.3474 , -0.1321 , 5.3954
        1.798 , -1.3471 , -0.1328 , 5.3792
        1.800 , -1.3474 , -0.1331 , 5.3676
        1.802 , 0.9143 , 0.4001 , 4.2558
        1.804 , 0.9140 , 0.3995 , 4.2195
        1.806 , 0.9143 , 0.4007 , 4.2064
        1.808 , 0.9146 , 0.4004 , 4.1984
        1.810 , 0.9149 , 0.4004 , 4.1945
        1.812 , -0.5509 , 1.7191 , 1.8540
        1.814 , -0.5506 , 1.7194 , 1.8326
        1.816 , -0.5509 , 1.7197 , 1.8253
        1.818 , -0.5512 , 1.7194 , 1.8207
        1.820 , -0.5515 , 1.7185 , 1.8174
        1.822 , -1.3471 , -0.1331 , 5.4787
        1.824 , -1.3474 , -0.1328 , 5.4201
        1.826 , -1.3468 , -0.1331 , 5.3969
        1.828 , -1.3471 , -0.1331 , 5.3801
        1.830 , -1.3465 , -0.1321 , 5.3682
        1.832 , 0.9143 , 0.4001 , 4.2582
        1.834 , 0.9140 , 0.3998 , 4.2207
        1.836 , 0.9137 , 0.3992 , 4.2058
        1.838 , 0.9143 , 0.3998 , 4.1990
        1.840 , 0.9140 , 0.4001 , 4.1935
        1.842 , -0.5512 , 1.7194 , 1.8561
        1.844 , -0.5515 , 1.7191 , 1.8329
        1.846 , -0.5515 , 1.7185 , 1.8250
        1.848 , -0.5506 , 1.7194 , 1.8213
        1.850 , -0.5506 , 1.7194 , 1.8180
        1.852 , -1.3471 , -0.1321 , 5.4845
        1.854 , -1.3477 , -0.1331 , 5.4216
        1.856 , -1.3474 , -0.1328 , 5.3960
        1.858 , -1.3474 , -0.1328 , 5.3804
        1.860 , -1.3471 , -0.1328 , 5.3685
        1.862 , 0.9149 , 0.4004 , 4.2631
        1.864 , 0.9146 , 0.4004 , 4.2222
        1.866 , 0.9146 , 0.4004 , 4.2067
        1.868 , 0.9143 , 0.4004 , 4.1987
        1.870 , 0.9143 , 0.4001 , 4.1942
        1.872 , -0.5509 , 1.7197 , 1.8589
        1.874 , -0.5506 , 1.7203 , 1.8345
        1.876 , -0.5512 , 1.7197 , 1.8259
        1.878 , -0.5512 , 1.7191 , 1.8210
        1.880 , -0.5521 , 1.7194 , 1.8174
        1.882 , -1.3477 , -0.1334 , 5.4878
        1.884 , -1.3474 , -0.1331 , 5.4225
        1.886 , -1.3474 , -0.1331 , 5.3975
        1.888 , -1.3474 , -0.1334 , 5.3801
        1.890 , -1.3477 , -0.1334 , 5.3682
        1.892 , 0.9149 , 0.4007 , 4.2665
        1.894 , 0.9143 , 0.4001 , 4.2225
        1.896 , 0.9146 , 0.3998 , 4.2082
        1.898 , 0.9149 , 0.4001 , 4.1993
        1.900 , 0.9140 , 0.4004 , 4.1939
        1.902 , -0.5512 , 1.7191 , 1.8607
        1.904 , -0.5509 , 1.7200 , 1.8342
        1.906 , -0.5512 , 1.7188 , 1.8259
        1.908 , -0.5515 , 1.7191 , 1.8207
        1.910 , -0.5506 , 1.7194 , 1.8180
        1.912 , -1.3480 , -0.1334 , 5.4949
        1.914 , -1.3480 , -0.1334 , 5.4244
        1.916 , -1.3471 , -0.1328 , 5.3972
        1.918 , -1.3471 , -0.1325 , 5.3810
        1.920 , -1.3477 , -0.1331 , 5.3697
        1.922 , 0.9146 , 0.4001 , 4.2686
        1.924 , 0.9143 , 0.4004 , 4.2241
        1.926 , 0.9140 , 0.4004 , 4.2082
        1.928 , 0.9146 , 0.4004 , 4.1993
        1.930 , 0.9143 , 0.4004 , 4.1951
        1.932 , -0.5515 , 1.7194 , 1.8635
        1.934 , -0.5515 , 1.7197 , 1.8345
        1.936 , -0.5506 , 1.7194 , 1.8262
        1.938 , -0.5509 , 1.7191 , 1.8216
        1.940 , -0.5512 , 1.7191 , 1.8180
        1.942 , -1.3477 , -0.1334 , 5.5000
        1.944 , -1.3477 , -0.1328 , 5.4271
        1.946 , -1.3471 , -0.1325 , 5.4003
        1.948 , -1.3480 , -0.1334 , 5.3819
        1.950 , -1.3468 , -0.1318 , 5.3703
        1.952 , 0.9146 , 0.3998 , 4.2744
        1.954 , 0.9143 , 0.4001 , 4.2256
        1.956 , 0.9146 , 0.4001 , 4.2082
        1.958 , 0.9143 , 0.4001 , 4.1997
        1.960 , 0.9149 , 0.4013 , 4.1951
        1.962 , -0.5512 , 1.7200 , 1.8662
        1.964 , -0.5515 , 1.7191 , 1.8351
        1.966 , -0.5512 , 1.7197 , 1.8259
        1.968 , -0.5512 , 1.7188 , 1.8213
        1.970 , -0.5506 , 1.7191 , 1.8180
        1.972 , -1.3480 , -0.1334 , 5.5086
        1.974 , -1.3474 , -0.1328 , 5.4289
        1.976 , -1.3477 , -0.1334 , 5.3996
        1.978 , -1.3477 , -0.1328 , 5.3822
        1.980 , -1.3471 , -0.1328 , 5.3710
        1.982 , 0.9146 , 0.4004 , 4.2784
        1.984 , 0.9143 , 0.4001 , 4.2265
        1.986 , 0.9143 , 0.4007 , 4.2097
        1.988 , 0.9149 , 0.4004 , 4.2003
        1.990 , 0.9149 , 0.3998 , 4.1957
        1.992 , -0.5515 , 1.7191 , 1.8699
        1.994 , -0.5512 , 1.7185 , 1.8357
        1.996 , -0.5515 , 1.7188 , 1.8262
        1.998 , -0.5512 , 1.7191 , 1.8216
        2.000 , -0.5515 , 1.7197 , 1.8183
